0 0.76927 0.89352 0.13125 0.21111
0 0.30938 0.77824 0.06979 0.12685
0 0.27187 0.85694 0.09479 0.23981
0 0.76615 0.53889 0.10521 0.14074
0 0.27578 0.85046 0.04948 0.11944
0 0.44609 0.80694 0.14635 0.175
0 0.11719 0.68704 0.14792 0.19074
0 0.51849 0.95833 0.02344 0.08148
0 0.55599 0.07963 0.03594 0.15926
0 0.76771 0.28287 0.14167 0.09907
0 0.05078 0.52361 0.10156 0.08981
0 0.86979 0.43704 0.03542 0.12037
0 0.41068 0.12083 0.08698 0.21204
0 0.89766 0.95324 0.02135 0.08611
0 0.44948 0.30741 0.06042 0.03704
