0 0.78241 0.54583 0.17222 0.05833
0 0.38657 0.60938 0.19722 0.04896
0 0.3375 0.96432 0.16019 0.07031
0 0.30972 0.11458 0.14167 0.13333
0 0.38009 0.27786 0.21389 0.17865
0 0.19028 0.11927 0.19722 0.20729
0 0.97083 0.33151 0.05648 0.01823
0 0.73009 0.79557 0.08796 0.16719
0 0.80231 0.22656 0.10648 0.15417
0 0.69028 0.77135 0.06759 0.03229
0 0.53148 0.87448 0.21667 0.14375
0 0.13148 0.96641 0.09259 0.06615
0 0.58704 0.69089 0.22407 0.13281
0 0.91713 0.69766 0.16389 0.07031
0 0.04907 0.72057 0.09815 0.1599
