0 0.90964 0.04583 0.06615 0.05833
0 0.86667 0.92685 0.06771 0.14444
0 0.4401 0.78843 0.02292 0.14167
0 0.48281 0.10463 0.14896 0.12407
0 0.90208 0.84537 0.01562 0.08704
0 0.36198 0.44444 0.04062 0.17963
0 0.71589 0.98426 0.03906 0.02963
0 0.13385 0.83704 0.08125 0.15556
0 0.10625 0.15463 0.13854 0.07037
0 0.37292 0.79815 0.07187 0.21111
0 0.58932 0.56435 0.01302 0.08426
0 0.92448 0.38704 0.08333 0.11111
0 0.83776 0.24213 0.06406 0.24537
0 0.54922 0.2662 0.03698 0.0287
0 0.24766 0.57963 0.03177 0.08148
