0 0.48359 0.68148 0.11927 0.21481
0 0.79974 0.63843 0.08073 0.04167
0 0.34531 0.04213 0.06979 0.08426
0 0.3138 0.46389 0.14219 0.18333
0 0.87005 0.20324 0.19427 0.09167
0 0.40521 0.85926 0.12812 0.16296
0 0.85 0.65509 0.075 0.21204
0 0.11354 0.54074 0.05417 0.04259
0 0.10885 0.23056 0.04271 0.18148
0 0.14635 0.36898 0.03021 0.20093
0 0.13438 0.80231 0.12083 0.27685
0 0.55365 0.08889 0.03958 0.17778
0 0.35964 0.3088 0.17344 0.08056
0 0.15026 0.2588 0.09948 0.08796
0 0.07786 0.96111 0.05469 0.07593
