0 0.89907 0.36406 0.09444 0.01562
0 0.02222 0.21901 0.04444 0.08177
0 0.10324 0.07839 0.16019 0.06719
0 0.12454 0.64531 0.24907 0.05417
0 0.61481 0.59714 0.15 0.20885
0 0.70463 0.67344 0.26852 0.07604
0 0.04167 0.42396 0.08333 0.02083
0 0.86389 0.06901 0.10926 0.13802
0 0.38889 0.65286 0.17593 0.07656
0 0.23241 0.76302 0.07963 0.10104
0 0.69398 0.07135 0.16204 0.04271
0 0.81944 0.29609 0.3537 0.05677
0 0.89583 0.96979 0.20648 0.05938
0 0.89722 0.69844 0.2037 0.12396
0 0.58056 0.22266 0.07593 0.04219
