0 0.11276 0.25972 0.03906 0.225
0 0.33073 0.58704 0.05104 0.21852
0 0.62396 0.07731 0.04167 0.05648
0 0.0112 0.64722 0.0224 0.09444
0 0.78776 0.61481 0.15156 0.07407
0 0.83203 0.49907 0.04948 0.07407
0 0.93464 0.31667 0.07969 0.09444
0 0.60964 0.04722 0.05573 0.02963
0 0.8125 0.58194 0.05417 0.0787
0 0.51224 0.30741 0.0849 0.28889
0 0.26432 0.75324 0.10052 0.34907
0 0.39818 0.90926 0.0276 0.1463
0 0.46536 0.75602 0.17552 0.10463
0 0.93542 0.76343 0.10208 0.21944
0 0.49115 0.10231 0.09375 0.13611
