0 0.46806 0.73932 0.21204 0.19635
0 0.89074 0.67474 0.21667 0.08698
0 0.84398 0.39271 0.13241 0.11875
0 0.03843 0.44948 0.05833 0.08542
0 0.77315 0.75651 0.10185 0.10365
0 0.53611 0.66016 0.2463 0.11615
0 0.26389 0.45026 0.12037 0.01927
0 0.65509 0.89792 0.22685 0.15208
0 0.1875 0.24297 0.16574 0.1099
0 0.73056 0.40417 0.18889 0.14583
0 0.95231 0.82995 0.09352 0.23281
0 0.88194 0.15964 0.23426 0.05677
0 0.37037 0.2 0.06667 0.13021
0 0.88565 0.04297 0.06389 0.01719
0 0.80185 0.54115 0.10741 0.08958
