0 0.10926 0.28802 0.21852 0.05417
0 0.87778 0.96589 0.09074 0.06719
0 0.56667 0.08542 0.03889 0.05312
0 0.46204 0.79401 0.26852 0.11615
0 0.32778 0.32292 0.03704 0.05104
0 0.30787 0.61536 0.18611 0.04323
0 0.88102 0.15807 0.23611 0.0901
0 0.09676 0.05885 0.19352 0.03646
0 0.07222 0.87734 0.05741 0.05469
0 0.26574 0.86276 0.09074 0.19323
0 0.16528 0.69323 0.15648 0.04062
0 0.62315 0.18438 0.18889 0.125
0 0.25463 0.34245 0.09074 0.1776
0 0.19167 0.27292 0.05 0.0625
0 0.57176 0.62344 0.10278 0.01875
