0 0.52685 0.5276 0.20741 0.1375
0 0.43009 0.07526 0.0287 0.06094
0 0.0713 0.04844 0.14259 0.03646
0 0.57407 0.7625 0.26481 0.15104
0 0.20741 0.7125 0.13519 0.02812
0 0.79769 0.37708 0.06019 0.12396
0 0.94537 0.96797 0.10741 0.06302
0 0.84213 0.73516 0.06389 0.08594
0 0.73009 0.49141 0.15093 0.12656
0 0.93333 0.54896 0.11667 0.09583
0 0.64352 0.27396 0.34444 0.13542
0 0.39907 0.62083 0.17778 0.0375
0 0.91713 0.91484 0.09352 0.03177
0 0.23889 0.90703 0.19259 0.0349
0 0.66296 0.93438 0.13704 0.10312
