0 0.35625 0.6588 0.13333 0.19537
0 0.96979 0.73611 0.05938 0.08704
0 0.19818 0.07269 0.07031 0.05648
0 0.75052 0.51898 0.03542 0.1213
0 0.95885 0.38935 0.08125 0.075
0 0.91979 0.40139 0.05625 0.07685
0 0.74271 0.05046 0.13542 0.10093
0 0.84609 0.33009 0.05156 0.04907
0 0.68724 0.15185 0.10781 0.10741
0 0.66927 0.34583 0.06667 0.08426
0 0.02526 0.45185 0.05052 0.14074
0 0.46198 0.92037 0.10312 0.15741
0 0.64583 0.37037 0.10833 0.16296
0 0.91849 0.91296 0.09844 0.17222
0 0.97188 0.12639 0.05521 0.05648
