0 0.17057 0.44352 0.04427 0.07222
0 0.78307 0.74907 0.10781 0.32593
0 0.63984 0.47037 0.1026 0.06852
0 0.03698 0.32685 0.07396 0.12407
0 0.61068 0.95093 0.07031 0.0963
0 0.66797 0.77083 0.03802 0.2287
0 0.80312 0.24306 0.0875 0.07685
0 0.25156 0.09306 0.13125 0.16019
0 0.94375 0.76019 0.04375 0.07222
0 0.51927 0.16852 0.06146 0.03333
0 0.58724 0.34259 0.11094 0.23333
0 0.85911 0.74352 0.15052 0.32593
0 0.07057 0.74861 0.04635 0.08611
0 0.16745 0.80787 0.08281 0.10278
0 0.88568 0.49306 0.22656 0.24537
