0 0.45926 0.78151 0.33519 0.09427
0 0.32917 0.65156 0.07685 0.0625
0 0.90694 0.55312 0.11389 0.02812
0 0.76343 0.23958 0.16019 0.08646
0 0.09306 0.06068 0.08981 0.12135
0 0.61667 0.53464 0.29815 0.0849
0 0.54722 0.84609 0.17963 0.12344
0 0.16759 0.3776 0.27778 0.10521
0 0.61019 0.6612 0.27778 0.15885
0 0.13102 0.03203 0.15833 0.06406
0 0.18657 0.56484 0.16204 0.22656
0 0.87731 0.06667 0.24352 0.04271
0 0.53796 0.12552 0.29444 0.1
0 0.16343 0.62266 0.13611 0.09427
0 0.67731 0.42318 0.11759 0.1776
