0 0.32812 0.95093 0.04167 0.0963
0 0.42682 0.93148 0.0151 0.08333
0 0.79922 0.13056 0.07969 0.13519
0 0.20911 0.46111 0.05573 0.02778
0 0.84193 0.19769 0.06719 0.08056
0 0.73932 0.51019 0.04635 0.05185
0 0.95677 0.21111 0.05729 0.33519
0 0.99271 0.87917 0.01354 0.175
0 0.43333 0.43194 0.16458 0.31389
0 0.87266 0.95093 0.02865 0.0963
0 0.61719 0.1338 0.04583 0.26759
0 0.64792 0.79028 0.03021 0.09722
0 0.84036 0.8875 0.0651 0.03056
0 0.96406 0.67639 0.07083 0.18426
0 0.68411 0.12778 0.1224 0.22963
