0 0.49954 0.1276 0.21389 0.16562
0 0.59815 0.32917 0.16296 0.11875
0 0.96389 0.40755 0.07037 0.02031
0 0.75417 0.71641 0.13981 0.07135
0 0.76481 0.84922 0.29074 0.07656
0 0.79676 0.66172 0.1213 0.1276
0 0.62778 0.2237 0.11667 0.04531
0 0.67963 0.12786 0.10926 0.15573
0 0.38333 0.32214 0.19444 0.02969
0 0.24167 0.09609 0.03519 0.06927
0 0.95417 0.23021 0.08981 0.1
0 0.8537 0.40599 0.19444 0.11719
0 0.60417 0.46328 0.1287 0.02552
0 0.92917 0.01667 0.03426 0.03333
0 0.08009 0.52604 0.16019 0.03854
