0 0.31481 0.41406 0.1463 0.11562
0 0.9037 0.11667 0.19074 0.03438
0 0.60556 0.95469 0.23333 0.03854
0 0.10046 0.31328 0.14352 0.07969
0 0.15417 0.41641 0.12685 0.2349
0 0.50602 0.20781 0.44537 0.07604
0 0.11759 0.10651 0.23519 0.08594
0 0.31806 0.57708 0.13056 0.12083
0 0.80093 0.06068 0.19444 0.05885
0 0.57963 0.55365 0.07222 0.10833
0 0.86019 0.17734 0.05 0.06302
0 0.9213 0.68802 0.11111 0.02396
0 0.5912 0.10599 0.20278 0.05052
0 0.84306 0.58385 0.05278 0.06771
0 0.07269 0.51172 0.14537 0.09844
