0 0.94769 0.18047 0.10278 0.01823
0 0.09491 0.69036 0.18981 0.07031
0 0.41806 0.83203 0.16389 0.02865
0 0.55093 0.12005 0.31481 0.06615
0 0.10648 0.81693 0.09259 0.07135
0 0.36481 0.79349 0.18333 0.07448
0 0.60926 0.01901 0.06852 0.02448
0 0.49769 0.17266 0.22315 0.04427
0 0.85972 0.9625 0.12685 0.07396
0 0.20278 0.49661 0.27963 0.1099
0 0.77593 0.68385 0.02963 0.04479
0 0.16065 0.34401 0.0287 0.03594
0 0.84861 0.82396 0.08611 0.12083
0 0.87037 0.00469 0.06852 0.00938
0 0.80648 0.22708 0.12407 0.18646
