0 0.90234 0.16019 0.03073 0.06481
0 0.14661 0.09861 0.16719 0.11389
0 0.62135 0.6162 0.0625 0.28796
0 0.81458 0.12731 0.075 0.15833
0 0.50781 0.48194 0.04583 0.05463
0 0.87656 0.59954 0.10104 0.05093
0 0.01953 0.83981 0.03906 0.03519
0 0.72031 0.87824 0.11562 0.24167
0 0.62187 0.11944 0.17812 0.23889
0 0.85286 0.37361 0.0651 0.10648
0 0.49531 0.55694 0.04792 0.05093
0 0.38255 0.96157 0.04115 0.05278
0 0.24766 0.68935 0.12344 0.07315
0 0.8625 0.32917 0.03646 0.05463
0 0.14844 0.47269 0.18229 0.23611
