0 0.50926 0.45156 0.11111 0.13438
0 0.95648 0.85521 0.07222 0.0875
0 0.30046 0.64375 0.08796 0.04167
0 0.53657 0.22865 0.07685 0.10521
0 0.46065 0.37214 0.09722 0.03906
0 0.87917 0.6737 0.06389 0.0599
0 0.16713 0.81146 0.27315 0.12604
0 0.77963 0.41328 0.17778 0.12969
0 0.41435 0.05573 0.15648 0.11146
0 0.66806 0.68698 0.04167 0.07604
0 0.35787 0.34505 0.15093 0.07865
0 0.09306 0.38047 0.06759 0.08177
0 0.71296 0.91406 0.37037 0.05521
0 0.07546 0.80443 0.05463 0.10573
0 0.85046 0.20026 0.24537 0.11719
