0 0.41771 0.20833 0.07917 0.16481
0 0.23594 0.16389 0.02812 0.12037
0 0.53516 0.06019 0.18385 0.09815
0 0.73073 0.55972 0.10625 0.29907
0 0.75339 0.0963 0.07448 0.07407
0 0.24453 0.91574 0.02656 0.06852
0 0.03568 0.81065 0.03802 0.06574
0 0.8151 0.84074 0.21042 0.14815
0 0.18568 0.79537 0.06927 0.17222
0 0.78177 0.38333 0.04896 0.09074
0 0.67109 0.46019 0.15469 0.10926
0 0.92891 0.58194 0.0599 0.03796
0 0.39245 0.35694 0.06615 0.06204
0 0.31146 0.26806 0.13438 0.14537
0 0.86224 0.34861 0.07865 0.10463
