0 0.13307 0.30648 0.07135 0.24815
0 0.01849 0.0838 0.03698 0.02315
0 0.31823 0.8463 0.11042 0.16667
0 0.64609 0.90556 0.13802 0.18704
0 0.50729 0.7662 0.05938 0.11019
0 0.73542 0.01944 0.08958 0.03889
0 0.39453 0.64722 0.0526 0.11667
0 0.94531 0.60694 0.08854 0.23426
0 0.34688 0.16204 0.10833 0.28148
0 0.90104 0.27361 0.18854 0.15648
0 0.42604 0.26898 0.07708 0.18241
0 0.88255 0.07454 0.02448 0.13241
0 0.74062 0.12731 0.06562 0.08056
0 0.40911 0.52778 0.05573 0.14815
0 0.34141 0.67593 0.08802 0.04815
