0 0.28426 0.26693 0.18148 0.0474
0 0.24491 0.87005 0.23981 0.11406
0 0.88981 0.30885 0.21852 0.03854
0 0.3213 0.84479 0.17222 0.025
0 0.84676 0.6276 0.26574 0.10833
0 0.48981 0.38698 0.07222 0.02083
0 0.7338 0.89219 0.13056 0.12083
0 0.39722 0.60104 0.08148 0.0875
0 0.49074 0.14583 0.35556 0.14583
0 0.94444 0.77656 0.10741 0.15625
0 0.08148 0.24557 0.15185 0.02448
0 0.21991 0.52995 0.21759 0.0474
0 0.63472 0.10156 0.14722 0.07917
0 0.05972 0.13672 0.11944 0.10052
0 0.09074 0.78958 0.12037 0.15313
