0 0.47222 0.32865 0.05741 0.10938
0 0.29861 0.25625 0.15093 0.12188
0 0.49352 0.16094 0.21481 0.14167
0 0.17963 0.34661 0.10741 0.2099
0 0.29861 0.14896 0.19537 0.04583
0 0.83843 0.91224 0.04907 0.03802
0 0.07454 0.86354 0.14907 0.07812
0 0.4463 0.07318 0.04444 0.06406
0 0.81713 0.34661 0.275 0.08281
0 0.59167 0.83203 0.11852 0.03385
0 0.93657 0.60391 0.125 0.09635
0 0.2088 0.8638 0.06944 0.05365
0 0.43148 0.48568 0.07593 0.03594
0 0.14028 0.61901 0.1287 0.07135
0 0.70324 0.19531 0.28241 0.16979
