0 0.33333 0.02361 0.15625 0.04722
0 0.62214 0.21111 0.07344 0.37222
0 0.98307 0.6625 0.02135 0.12685
0 0.10677 0.31389 0.21354 0.15556
0 0.35078 0.69583 0.0651 0.10833
0 0.0625 0.67222 0.04896 0.03148
0 0.07083 0.93009 0.14167 0.11204
0 0.70833 0.44954 0.13125 0.19722
0 0.69974 0.82963 0.08594 0.11111
0 0.41328 0.44306 0.07031 0.3287
0 0.6763 0.39722 0.09531 0.17222
0 0.12266 0.12824 0.03073 0.09167
0 0.27604 0.85509 0.07708 0.11204
0 0.45443 0.90741 0.1776 0.18333
0 0.57995 0.5412 0.01302 0.05648
