0 0.23333 0.66146 0.15926 0.06146
0 0.31065 0.01953 0.02685 0.0349
0 0.71713 0.96094 0.22315 0.07708
0 0.16667 0.06276 0.27963 0.12552
0 0.18333 0.03411 0.09444 0.06823
0 0.9662 0.86927 0.06574 0.12917
0 0.94074 0.56354 0.11667 0.01875
0 0.32037 0.95104 0.08333 0.01562
0 0.48843 0.90443 0.01759 0.02865
0 0.85556 0.66901 0.27222 0.14531
0 0.83981 0.9875 0.07037 0.02396
0 0.94722 0.52422 0.1037 0.02969
0 0.07731 0.66042 0.11759 0.03958
0 0.33426 0.71719 0.05926 0.08021
0 0.86204 0.40729 0.04259 0.0625
