0 0.73177 0.63519 0.19896 0.18889
0 0.41328 0.0588 0.19844 0.11759
0 0.82682 0.73056 0.0901 0.15
0 0.9388 0.75926 0.05052 0.02407
0 0.87552 0.12685 0.07292 0.04815
0 0.51641 0.92731 0.04531 0.14352
0 0.49766 0.42361 0.07135 0.24167
0 0.09245 0.25833 0.13802 0.07963
0 0.48594 0.51574 0.01354 0.06852
0 0.22344 0.36713 0.0375 0.25463
0 0.50703 0.59676 0.12448 0.15833
0 0.94245 0.9125 0.05677 0.03796
0 0.78385 0.83519 0.17396 0.2537
0 0.43958 0.71019 0.02292 0.15926
0 0.63594 0.03148 0.03333 0.06296
