0 0.49818 0.06759 0.03385 0.13519
0 0.3625 0.12917 0.09688 0.24722
0 0.1151 0.41898 0.05729 0.10648
0 0.63672 0.24167 0.18906 0.12778
0 0.02865 0.21574 0.05729 0.06296
0 0.19401 0.90231 0.07344 0.19352
0 0.9237 0.72917 0.06927 0.03426
0 0.56328 0.67315 0.07344 0.34815
0 0.82812 0.61157 0.03438 0.15463
0 0.47031 0.55972 0.05729 0.16944
0 0.09427 0.75278 0.18854 0.12037
0 0.36042 0.33796 0.02812 0.17037
0 0.07995 0.03796 0.1599 0.07593
0 0.35286 0.75139 0.1349 0.16389
0 0.14792 0.36481 0.07396 0.12593
