0 0.95602 0.29271 0.08611 0.03854
0 0.48796 0.20964 0.24074 0.09635
0 0.28796 0.70885 0.11111 0.01667
0 0.45093 0.5237 0.33148 0.05573
0 0.71574 0.76953 0.15185 0.22865
0 0.09491 0.02917 0.18981 0.04062
0 0.18519 0.92839 0.16296 0.10052
0 0.19722 0.43464 0.29259 0.06615
0 0.59815 0.30339 0.14074 0.1026
0 0.3375 0.46068 0.05278 0.08073
0 0.73611 0.85234 0.17593 0.03073
0 0.09861 0.36276 0.03796 0.0526
0 0.80648 0.77552 0.1037 0.02188
0 0.20185 0.77161 0.08704 0.0651
0 0.51111 0.63854 0.1037 0.02292
