1 0.32865 0.93287 0.02188 0.11204
0 0.05573 0.29259 0.06875 0.08519
3 0.62734 0.15231 0.06406 0.08796
2 0.79792 0.74583 0.02188 0.05833
2 0.21562 0.76111 0.10521 0.22778
3 0.23177 0.24306 0.12188 0.21204
3 0.66068 0.03657 0.06615 0.06389
0 0.43906 0.04259 0.04583 0.08519
3 0.78958 0.11898 0.1 0.19352
3 0.80469 0.87917 0.05521 0.1287
2 0.15677 0.07361 0.02917 0.04167
2 0.88438 0.79861 0.06042 0.12315
1 0.93125 0.3625 0.13646 0.20648
2 0.5349 0.42315 0.13229 0.14259
1 0.14844 0.27037 0.06146 0.1963
