0 0.81944 0.94505 0.08148 0.10885
0 0.31898 0.70521 0.08056 0.0625
0 0.07315 0.11484 0.05741 0.08698
0 0.36435 0.62813 0.11944 0.05625
0 0.78981 0.65521 0.19074 0.2
0 0.72269 0.92578 0.20833 0.14219
0 0.69954 0.19427 0.20648 0.10833
0 0.13287 0.42812 0.09907 0.13542
0 0.21204 0.17188 0.08889 0.125
0 0.21528 0.01484 0.06389 0.02969
0 0.08333 0.87448 0.16667 0.22188
0 0.71806 0.32734 0.08611 0.14948
0 0.91528 0.92578 0.16759 0.07031
0 0.84213 0.46771 0.1713 0.05833
0 0.20972 0.05312 0.37315 0.08438
