0 0.6338 0.77474 0.16019 0.19323
0 0.11435 0.06432 0.09537 0.05052
0 0.82037 0.58828 0.03519 0.05677
0 0.54907 0.43359 0.17778 0.05573
0 0.09167 0.75469 0.18333 0.04167
0 0.10602 0.08854 0.20093 0.10312
0 0.56019 0.91901 0.1963 0.06719
0 0.4875 0.19401 0.04352 0.0599
0 0.74352 0.48542 0.18333 0.15313
0 0.8875 0.0625 0.1787 0.12188
0 0.56944 0.05234 0.1963 0.10469
0 0.83981 0.50286 0.13519 0.06406
0 0.96065 0.20052 0.07685 0.06562
0 0.07407 0.14349 0.07407 0.10365
0 0.9625 0.12891 0.06389 0.11094
