0 0.48981 0.24766 0.15556 0.21823
2 0.93565 0.7724 0.12685 0.04167
2 0.78704 0.60417 0.07593 0.06354
0 0.36713 0.43177 0.10278 0.02604
1 0.1088 0.23359 0.21759 0.0474
2 0.91898 0.37786 0.05833 0.02031
2 0.13009 0.73255 0.09537 0.04427
3 0.75972 0.08672 0.15278 0.05885
2 0.44028 0.55781 0.23611 0.05938
3 0.59491 0.94688 0.06019 0.03125
2 0.56759 0.5099 0.02222 0.02917
3 0.4463 0.35208 0.1 0.11146
3 0.62917 0.08073 0.08426 0.02396
3 0.45139 0.03984 0.06574 0.07969
2 0.92269 0.58255 0.15278 0.04531
