3 0.86065 0.04089 0.12315 0.07135
2 0.7838 0.70469 0.16574 0.09792
3 0.4125 0.39167 0.15093 0.10729
1 0.60787 0.69531 0.24537 0.10417
1 0.6037 0.22135 0.24815 0.10521
3 0.27222 0.65938 0.17593 0.06771
2 0.75694 0.04349 0.08056 0.08698
0 0.93519 0.5401 0.11481 0.06771
3 0.81759 0.40234 0.04259 0.02969
0 0.28148 0.37578 0.10185 0.15365
3 0.22407 0.1849 0.04074 0.02812
1 0.2125 0.23958 0.23056 0.12604
2 0.64491 0.90469 0.13426 0.07187
1 0.70417 0.85964 0.05648 0.01094
0 0.52731 0.63906 0.10278 0.02396
