0 0.66484 0.36759 0.07552 0.25185
0 0.58724 0.46296 0.04427 0.0963
0 0.44036 0.16019 0.07344 0.27963
0 0.94193 0.6088 0.1151 0.14907
0 0.84531 0.83889 0.05417 0.11852
0 0.17943 0.82083 0.0349 0.175
0 0.97031 0.26944 0.05833 0.18704
0 0.49089 0.10694 0.07448 0.12685
0 0.24531 0.89583 0.13125 0.20648
0 0.24609 0.69861 0.06302 0.10278
0 0.17083 0.40139 0.08646 0.05463
0 0.53385 0.20139 0.05104 0.125
0 0.08151 0.39074 0.16302 0.2537
0 0.31589 0.05509 0.05156 0.11019
0 0.41016 0.95926 0.0724 0.07963
