1 0.92578 0.0787 0.11406 0.15741
1 0.86224 0.80046 0.13906 0.20093
1 0.19401 0.16852 0.07656 0.12963
2 0.22135 0.46944 0.09167 0.05741
1 0.93047 0.59028 0.07135 0.11759
3 0.62057 0.91204 0.06823 0.17407
1 0.075 0.65926 0.12292 0.07963
3 0.57161 0.09537 0.10885 0.19074
1 0.8862 0.68565 0.11094 0.10463
3 0.41406 0.10417 0.08958 0.05093
0 0.03594 0.92315 0.05104 0.15185
1 0.8487 0.36991 0.16719 0.10648
3 0.98333 0.33472 0.03229 0.22685
1 0.3849 0.94769 0.02188 0.10278
1 0.9224 0.89491 0.13854 0.20833
