0 0.12682 0.83981 0.11406 0.18889
0 0.12734 0.94444 0.04219 0.10926
0 0.02031 0.40463 0.04062 0.29444
0 0.95911 0.26065 0.05781 0.04167
0 0.70781 0.12176 0.05625 0.03241
0 0.27995 0.37963 0.14948 0.28519
0 0.90859 0.54444 0.15052 0.10741
0 0.26693 0.18472 0.04219 0.26204
0 0.28724 0.24815 0.02969 0.06296
0 0.8875 0.9088 0.05833 0.18056
0 0.19323 0.22176 0.04479 0.08611
0 0.42917 0.1088 0.19583 0.13981
0 0.8362 0.29722 0.01615 0.07593
0 0.04766 0.18194 0.06927 0.04352
0 0.92578 0.82778 0.1151 0.07593
