0 0.64062 0.64954 0.04896 0.06759
0 0.30286 0.71065 0.15573 0.16574
0 0.43281 0.28796 0.03854 0.17593
0 0.14427 0.33009 0.20833 0.11204
0 0.56563 0.64537 0.04062 0.16296
0 0.14505 0.30972 0.0474 0.28981
0 0.76667 0.49537 0.075 0.35741
0 0.31484 0.63287 0.10573 0.08426
0 0.74219 0.71065 0.02292 0.06019
0 0.38255 0.45324 0.1401 0.41019
0 0.95469 0.28148 0.08958 0.18889
0 0.55026 0.19861 0.08802 0.19167
0 0.68359 0.48657 0.0224 0.07685
0 0.34896 0.21111 0.02917 0.12407
0 0.46979 0.0125 0.04375 0.025
