0 0.61296 0.31641 0.41852 0.08802
0 0.92731 0.55182 0.14352 0.21302
0 0.09676 0.25938 0.0787 0.02812
0 0.65185 0.69167 0.08148 0.04375
0 0.55324 0.72578 0.06944 0.03281
0 0.77917 0.42109 0.03056 0.03281
0 0.39259 0.54635 0.12593 0.1875
0 0.71481 0.7651 0.12593 0.09271
0 0.15046 0.76979 0.11019 0.15
0 0.75648 0.9026 0.10926 0.19375
0 0.75417 0.57552 0.39722 0.06458
0 0.31991 0.60964 0.14722 0.05885
0 0.98426 0.18281 0.02963 0.02083
0 0.45417 0.47474 0.15833 0.14115
0 0.27407 0.16641 0.39815 0.13594
