0 0.11589 0.59028 0.05156 0.02685
0 0.15521 0.72315 0.13542 0.29259
0 0.5 0.91806 0.05521 0.16204
0 0.95078 0.59907 0.0974 0.10926
0 0.59792 0.72083 0.075 0.21019
0 0.0888 0.20648 0.10885 0.07963
0 0.96536 0.30648 0.06823 0.29074
0 0.75885 0.88148 0.06562 0.09444
0 0.83958 0.02963 0.03542 0.05926
0 0.38099 0.22269 0.03906 0.13241
0 0.39714 0.07407 0.22135 0.14815
0 0.04766 0.38333 0.06927 0.12778
0 0.01198 0.38148 0.02396 0.19074
0 0.47839 0.59028 0.08802 0.09907
0 0.66797 0.71806 0.04323 0.23611
