0 0.9088 0.95052 0.15833 0.09792
0 0.54583 0.78073 0.08056 0.08542
0 0.27454 0.33776 0.11204 0.11927
0 0.13657 0.17266 0.04907 0.10781
0 0.86528 0.48542 0.26759 0.07812
0 0.33241 0.39974 0.08889 0.01823
0 0.10463 0.02344 0.1463 0.04688
0 0.81759 0.21875 0.36296 0.12604
0 0.59167 0.51693 0.09444 0.17031
0 0.35093 0.29974 0.18148 0.05469
0 0.34769 0.94193 0.23796 0.06719
0 0.95231 0.9138 0.08981 0.0599
0 0.79537 0.59609 0.11111 0.15156
0 0.67731 0.05104 0.1287 0.10208
0 0.03704 0.09922 0.07407 0.09219
