0 0.25521 0.43611 0.09896 0.05741
0 0.82865 0.775 0.10938 0.1963
0 0.75391 0.72361 0.06823 0.36204
0 0.28646 0.61898 0.03542 0.11389
0 0.22083 0.21944 0.03646 0.06667
0 0.64635 0.41898 0.08125 0.08611
0 0.63542 0.525 0.11458 0.28333
0 0.47917 0.42731 0.07396 0.09907
0 0.54948 0.19583 0.21771 0.14537
0 0.13333 0.07546 0.17917 0.15093
0 0.41172 0.75046 0.0151 0.06019
0 0.1862 0.5787 0.02865 0.06296
0 0.44635 0.72917 0.04167 0.08981
0 0.50859 0.61898 0.04427 0.26204
0 0.86172 0.58241 0.0724 0.13519
