1 0.75093 0.20781 0.0463 0.03542
2 0.54074 0.39349 0.04444 0.02344
2 0.5963 0.57917 0.1037 0.0875
3 0.12315 0.02943 0.04815 0.01302
1 0.31296 0.38984 0.20926 0.05573
0 0.63704 0.50417 0.15185 0.02812
1 0.16019 0.29609 0.11111 0.08177
0 0.54907 0.30156 0.23519 0.07917
0 0.14583 0.25807 0.06204 0.03698
0 0.01528 0.08568 0.03056 0.05156
0 0.09769 0.57969 0.16019 0.10938
1 0.96343 0.5849 0.05833 0.03229
2 0.56065 0.85729 0.16019 0.08125
3 0.94259 0.27083 0.11296 0.02708
0 0.83472 0.25052 0.23981 0.05104
