0 0.24089 0.25556 0.02865 0.15741
0 0.63203 0.48935 0.12448 0.24537
0 0.63203 0.39444 0.14844 0.23519
0 0.71927 0.42454 0.09375 0.15278
0 0.92656 0.57778 0.14583 0.12593
0 0.40312 0.07639 0.03333 0.09907
0 0.13229 0.07083 0.07812 0.14167
0 0.61198 0.18472 0.07292 0.04537
0 0.34297 0.11759 0.13906 0.2037
0 0.87891 0.26204 0.05156 0.25926
0 0.94557 0.03889 0.10781 0.07778
0 0.56224 0.41204 0.07448 0.23704
0 0.95755 0.29259 0.08385 0.08889
0 0.81901 0.71065 0.11094 0.0787
0 0.16224 0.20185 0.07344 0.06852
