0 0.08611 0.50391 0.17222 0.11719
0 0.84028 0.17292 0.31759 0.12083
0 0.47593 0.42318 0.17778 0.05573
0 0.28009 0.95443 0.18056 0.0901
0 0.34398 0.38177 0.08981 0.09479
0 0.51759 0.89896 0.06852 0.10104
0 0.19074 0.65495 0.09815 0.01615
0 0.58981 0.66927 0.14444 0.05833
0 0.48102 0.55417 0.18426 0.19375
0 0.05093 0.37578 0.10185 0.04531
0 0.91481 0.43255 0.1 0.02969
0 0.25694 0.86068 0.175 0.09219
0 0.04444 0.26667 0.08889 0.05208
0 0.3625 0.16901 0.23611 0.07448
0 0.86065 0.88958 0.03241 0.05625
