2 0.49028 0.45703 0.21574 0.08073
0 0.06944 0.69766 0.10926 0.13177
2 0.49167 0.79245 0.16111 0.14948
1 0.88472 0.57917 0.2287 0.14271
1 0.06343 0.36432 0.07315 0.11094
0 0.22454 0.72474 0.18241 0.12552
0 0.92176 0.07318 0.08426 0.01927
2 0.33056 0.92839 0.1963 0.09115
3 0.40926 0.01953 0.06111 0.03906
1 0.63843 0.92656 0.18611 0.09896
1 0.31759 0.32786 0.14444 0.06198
3 0.84815 0.36042 0.09815 0.0375
1 0.82269 0.6112 0.15648 0.11719
2 0.0338 0.03542 0.06574 0.03229
1 0.21944 0.1151 0.13704 0.11354
