3 0.1026 0.48287 0.13854 0.08056
1 0.41979 0.68843 0.05729 0.28426
0 0.17292 0.10417 0.06146 0.20833
2 0.40365 0.90278 0.12604 0.1463
2 0.53958 0.47454 0.04479 0.05463
2 0.55469 0.60185 0.12188 0.09074
3 0.42917 0.44074 0.02917 0.09815
1 0.76641 0.22917 0.15573 0.10093
0 0.03385 0.88194 0.06771 0.23426
1 0.72682 0.02593 0.03281 0.05185
0 0.42917 0.07639 0.14688 0.14537
2 0.39141 0.02685 0.03906 0.0537
3 0.6974 0.18565 0.09167 0.05463
1 0.71432 0.60417 0.05156 0.03241
3 0.43333 0.26759 0.0125 0.07222
