2 0.63194 0.05964 0.125 0.0776
0 0.59954 0.17422 0.08056 0.15885
2 0.29213 0.35469 0.16019 0.09062
3 0.60972 0.37422 0.13796 0.07969
1 0.6213 0.77839 0.17963 0.10781
0 0.67546 0.89349 0.10833 0.02656
0 0.4463 0.40703 0.0463 0.06302
1 0.40185 0.72292 0.23148 0.12292
3 0.01019 0.66042 0.02037 0.02708
1 0.80046 0.06094 0.09722 0.12188
1 0.725 0.37917 0.13333 0.11146
2 0.14537 0.71979 0.07407 0.09062
2 0.33889 0.06432 0.1037 0.03698
1 0.66852 0.58854 0.06667 0.04688
1 0.46528 0.57734 0.08056 0.01615
