0 0.97083 0.12891 0.05648 0.03906
0 0.10417 0.44167 0.06574 0.08854
0 0.79213 0.41016 0.08981 0.05365
0 0.46991 0.8375 0.21574 0.04271
0 0.18981 0.95417 0.30926 0.09062
0 0.97222 0.6776 0.0537 0.14688
0 0.70833 0.77578 0.25185 0.12969
0 0.16991 0.07969 0.04352 0.03854
0 0.31713 0.57578 0.31574 0.14531
0 0.33704 0.98828 0.05556 0.0224
0 0.46806 0.05365 0.19722 0.05833
0 0.33657 0.12526 0.09352 0.05677
0 0.90602 0.80599 0.175 0.09219
0 0.65185 0.10078 0.25926 0.10469
0 0.07917 0.40052 0.07685 0.10521
