3 0.53099 0.34074 0.03177 0.17778
1 0.2724 0.06343 0.09479 0.12685
0 0.62839 0.64167 0.17552 0.12037
1 0.44427 0.07454 0.0625 0.14907
3 0.64271 0.48194 0.08958 0.09907
3 0.58099 0.20602 0.04635 0.18796
3 0.85859 0.50417 0.0974 0.11204
2 0.96328 0.86991 0.05365 0.03981
1 0.35 0.59676 0.04375 0.08241
3 0.03073 0.94398 0.05104 0.05648
1 0.05104 0.27731 0.10208 0.21574
1 0.275 0.49491 0.12188 0.16019
3 0.10182 0.63519 0.09844 0.08889
3 0.14557 0.96157 0.08906 0.075
1 0.94141 0.07824 0.06094 0.15648
