1 0.63843 0.73177 0.29722 0.06875
1 0.77731 0.41771 0.03056 0.04896
0 0.20185 0.84271 0.33519 0.05
2 0.45741 0.83411 0.20185 0.09323
1 0.53426 0.22839 0.07222 0.06823
3 0.9537 0.31328 0.09074 0.11615
0 0.4037 0.47865 0.11667 0.06146
0 0.43426 0.82292 0.10556 0.02292
3 0.49537 0.12448 0.19815 0.08542
2 0.89259 0.09271 0.1037 0.12604
3 0.4412 0.96484 0.03981 0.06927
0 0.75741 0.95495 0.26481 0.08906
3 0.74398 0.85807 0.07685 0.13281
2 0.14306 0.60677 0.20833 0.09792
3 0.32269 0.50234 0.1213 0.0974
