0 0.96849 0.39676 0.0401 0.2213
0 0.13672 0.11019 0.07344 0.1963
0 0.84531 0.41019 0.09375 0.26296
0 0.43099 0.6287 0.02344 0.08889
0 0.34141 0.7588 0.18385 0.26944
0 0.88828 0.07037 0.11927 0.14074
0 0.81641 0.73148 0.08906 0.14815
0 0.84479 0.2463 0.03854 0.03148
0 0.53411 0.56806 0.06719 0.17685
0 0.17682 0.95139 0.0401 0.09537
0 0.09062 0.93009 0.10417 0.06019
0 0.6612 0.10833 0.04323 0.18704
0 0.48854 0.07778 0.02083 0.09259
0 0.95182 0.82593 0.09531 0.0963
0 0.77552 0.63935 0.10208 0.2213
