0 0.15093 0.82552 0.17407 0.18333
0 0.31898 0.93411 0.06389 0.11198
0 0.43796 0.70625 0.21852 0.16354
0 0.725 0.01901 0.3037 0.03802
0 0.47315 0.71146 0.07593 0.06042
0 0.95324 0.51849 0.09167 0.10365
0 0.46204 0.04271 0.16296 0.08542
0 0.74074 0.35286 0.37778 0.11406
0 0.85833 0.06823 0.28148 0.07396
0 0.53565 0.40365 0.21204 0.08021
0 0.07315 0.41484 0.1463 0.06719
0 0.40417 0.27161 0.16944 0.08906
0 0.51343 0.21823 0.12685 0.1875
0 0.54028 0.30885 0.11019 0.13333
0 0.03287 0.9388 0.06574 0.05885
