2 0.38438 0.07176 0.05208 0.14352
1 0.55234 0.10046 0.14531 0.09352
0 0.33411 0.05787 0.09844 0.11019
3 0.28906 0.8838 0.10833 0.13981
3 0.44427 0.5287 0.05417 0.09259
1 0.55729 0.74074 0.06146 0.19259
1 0.18984 0.80694 0.16094 0.09907
1 0.71875 0.4287 0.14583 0.08889
2 0.97318 0.13889 0.0526 0.26296
0 0.0974 0.90139 0.07917 0.19537
3 0.67839 0.91991 0.10365 0.15833
3 0.2651 0.44213 0.02917 0.06389
1 0.71068 0.51806 0.14948 0.10833
1 0.16094 0.64028 0.02917 0.03981
3 0.73958 0.19213 0.10104 0.11204
