0 0.26484 0.7713 0.13073 0.22222
0 0.50182 0.89398 0.12656 0.21019
0 0.51068 0.06019 0.03906 0.08148
0 0.43724 0.82917 0.12031 0.09537
0 0.65495 0.66435 0.17135 0.125
0 0.58958 0.2713 0.21146 0.25185
0 0.78021 0.61667 0.17292 0.0963
0 0.97109 0.54491 0.04531 0.2287
0 0.76875 0.52222 0.23021 0.12778
0 0.63672 0.52361 0.04115 0.25463
0 0.96354 0.9037 0.04375 0.13889
0 0.66823 0.28611 0.03542 0.02593
0 0.36042 0.67315 0.06458 0.08333
0 0.18411 0.24491 0.11719 0.15648
0 0.72109 0.38287 0.15365 0.23241
