1 0.07731 0.68932 0.14352 0.06615
3 0.84398 0.02604 0.075 0.05208
0 0.06343 0.34219 0.12685 0.1
1 0.50972 0.64167 0.16759 0.12812
2 0.31065 0.71458 0.11204 0.06979
1 0.9088 0.84818 0.11019 0.05156
1 0.73056 0.13177 0.06111 0.08542
0 0.36065 0.75286 0.09352 0.07344
0 0.10278 0.96302 0.20556 0.04688
2 0.94028 0.66276 0.11759 0.05781
1 0.78796 0.49531 0.11296 0.08333
3 0.97083 0.97604 0.05648 0.04688
1 0.0662 0.55521 0.13241 0.08229
1 0.15417 0.30469 0.075 0.04375
1 0.90602 0.36432 0.18611 0.07969
