0 0.28281 0.72361 0.06667 0.075
0 0.14323 0.21944 0.05833 0.11111
0 0.96927 0.56852 0.06042 0.05556
0 0.78646 0.54769 0.07604 0.08241
0 0.82135 0.38796 0.05104 0.11111
0 0.81875 0.91991 0.08958 0.15833
0 0.81719 0.24722 0.04375 0.18889
0 0.49922 0.89676 0.0599 0.16944
0 0.09844 0.11296 0.10417 0.22593
0 0.89323 0.72546 0.14792 0.275
0 0.65052 0.21574 0.02708 0.13889
0 0.35964 0.16389 0.0849 0.23889
0 0.71615 0.25926 0.07292 0.34074
0 0.7349 0.07963 0.10104 0.14815
0 0.15885 0.85833 0.075 0.28148
