0 0.19167 0.64401 0.21481 0.07656
0 0.42222 0.52526 0.10926 0.10156
0 0.60926 0.71901 0.26111 0.12344
0 0.05787 0.66849 0.11574 0.0599
0 0.33935 0.4026 0.24167 0.08646
0 0.94907 0.00339 0.07222 0.00677
0 0.85278 0.5849 0.04444 0.08438
0 0.87778 0.50807 0.24259 0.06302
0 0.61435 0.10599 0.17315 0.04531
0 0.3412 0.18385 0.14167 0.19688
0 0.9625 0.16615 0.07315 0.07604
0 0.52639 0.87292 0.08796 0.01771
0 0.48935 0.64688 0.125 0.02292
0 0.2463 0.78464 0.15185 0.0276
0 0.34769 0.30339 0.11574 0.02656
