0 0.07454 0.88802 0.14907 0.07604
3 0.28287 0.79583 0.09537 0.04375
3 0.06481 0.33411 0.06481 0.01927
3 0.41157 0.62813 0.10648 0.07396
1 0.30787 0.48542 0.06019 0.04479
2 0.47963 0.53333 0.06481 0.06458
1 0.30833 0.99036 0.05741 0.01823
0 0.42083 0.9763 0.06389 0.03906
0 0.49167 0.05286 0.15926 0.10573
1 0.37824 0.03776 0.08426 0.07552
2 0.70139 0.58802 0.10278 0.02708
1 0.17037 0.39219 0.1963 0.08958
0 0.50741 0.80703 0.17593 0.11719
3 0.83935 0.78438 0.05463 0.02083
0 0.66389 0.05625 0.27037 0.1125
