1 0.38657 0.76745 0.10648 0.05573
0 0.93102 0.6112 0.05463 0.11615
1 0.91713 0.05469 0.16389 0.10938
0 0.02083 0.16068 0.04167 0.09948
0 0.91852 0.77604 0.16111 0.04167
2 0.39722 0.04271 0.05556 0.05208
3 0.85139 0.95599 0.07685 0.05469
2 0.17083 0.32839 0.20463 0.04531
2 0.94398 0.67292 0.11019 0.06458
0 0.67639 0.5724 0.33426 0.07083
0 0.43519 0.70625 0.30556 0.05312
3 0.18102 0.7237 0.11204 0.0276
1 0.04815 0.89375 0.0963 0.07292
0 0.62083 0.35885 0.13611 0.12604
1 0.09028 0.40911 0.18056 0.04948
