0 0.85 0.6138 0.29815 0.10469
0 0.93935 0.43698 0.05648 0.04688
0 0.03657 0.84948 0.0713 0.04062
0 0.18565 0.95807 0.09722 0.08281
0 0.05694 0.3724 0.03796 0.05104
0 0.31296 0.82891 0.05185 0.10677
0 0.19352 0.80625 0.19444 0.04375
0 0.5338 0.51146 0.09722 0.02396
0 0.41528 0.09349 0.24167 0.05677
0 0.21111 0.16927 0.18333 0.03646
0 0.19769 0.72604 0.14907 0.04375
0 0.76528 0.34974 0.19352 0.06094
0 0.07176 0.70182 0.08056 0.15573
0 0.64398 0.68984 0.16944 0.08073
0 0.46528 0.66797 0.25463 0.07969
