3 0.8287 0.56094 0.04074 0.0375
0 0.33611 0.59167 0.06111 0.09167
3 0.37176 0.40443 0.0287 0.03906
1 0.70231 0.13464 0.16759 0.07344
3 0.11528 0.27266 0.11574 0.10573
3 0.21759 0.56224 0.13333 0.02865
0 0.19722 0.48516 0.18148 0.10781
1 0.15741 0.77604 0.16111 0.12396
2 0.59769 0.66146 0.18981 0.05
2 0.80833 0.45703 0.01481 0.02552
2 0.40972 0.43307 0.13426 0.09219
3 0.10556 0.01432 0.05926 0.01823
3 0.43009 0.18281 0.08426 0.02812
1 0.34028 0.22943 0.19722 0.09115
3 0.59815 0.43906 0.09815 0.07187
