0 0.60052 0.2338 0.02292 0.09722
0 0.64531 0.75833 0.04688 0.31296
0 0.87422 0.57546 0.08698 0.07685
0 0.41693 0.35324 0.07135 0.32315
0 0.87839 0.87963 0.0974 0.23889
0 0.02266 0.84028 0.0401 0.18056
0 0.11901 0.53935 0.17448 0.18796
0 0.30182 0.1662 0.10885 0.10278
0 0.09922 0.13935 0.08177 0.08796
0 0.20469 0.475 0.11458 0.17222
0 0.49766 0.20648 0.0901 0.05185
0 0.67995 0.54954 0.22135 0.21019
0 0.94375 0.7787 0.06667 0.29444
0 0.30833 0.27917 0.17396 0.15833
0 0.18828 0.04954 0.09427 0.09907
