3 0.52526 0.82176 0.09844 0.21574
2 0.03542 0.78889 0.07083 0.05741
2 0.78984 0.74769 0.0276 0.03981
0 0.70677 0.18241 0.14479 0.0963
3 0.67604 0.82083 0.03229 0.17315
0 0.02318 0.4713 0.04635 0.10185
0 0.20312 0.10324 0.08333 0.04537
2 0.08958 0.49167 0.02083 0.07222
3 0.7099 0.72315 0.05833 0.08519
1 0.84323 0.65833 0.03333 0.07778
1 0.71146 0.93889 0.1375 0.12037
3 0.6138 0.77315 0.03802 0.1537
2 0.30521 0.91806 0.06667 0.16204
3 0.06901 0.95046 0.11198 0.09722
3 0.48984 0.15602 0.02448 0.10278
