0 0.18229 0.1963 0.05312 0.22963
0 0.76771 0.22315 0.14479 0.21111
0 0.66042 0.78704 0.04167 0.11667
0 0.81146 0.07731 0.08646 0.08611
0 0.15417 0.72593 0.12292 0.25926
0 0.14062 0.93287 0.05938 0.06574
0 0.33411 0.16111 0.0401 0.04444
0 0.72578 0.70417 0.14844 0.12315
0 0.05599 0.15278 0.11198 0.08704
0 0.85781 0.69815 0.10521 0.38333
0 0.74115 0.85231 0.17083 0.09907
0 0.67943 0.4537 0.12448 0.18148
0 0.97917 0.17593 0.04062 0.31852
0 0.39974 0.93889 0.0276 0.12037
0 0.61589 0.96343 0.0349 0.0713
