0 0.43657 0.78828 0.15833 0.06719
0 0.41481 0.96641 0.05741 0.03906
0 0.06944 0.32161 0.13889 0.03594
0 0.06898 0.52604 0.13796 0.08021
0 0.26065 0.11745 0.25833 0.04427
0 0.83287 0.15625 0.22315 0.05208
0 0.41759 0.17656 0.09444 0.12917
0 0.94676 0.39115 0.10463 0.26562
0 0.74167 0.63906 0.23889 0.04375
0 0.77083 0.43646 0.05093 0.07708
0 0.81898 0.6263 0.10463 0.0776
0 0.27593 0.55833 0.21667 0.07708
0 0.10509 0.39375 0.21019 0.04792
0 0.48519 0.66042 0.20926 0.07917
0 0.26528 0.45339 0.05833 0.11615
