1 0.60185 0.63958 0.04815 0.02917
2 0.66852 0.97161 0.0463 0.05573
1 0.27083 0.92031 0.125 0.02188
2 0.22917 0.93958 0.18796 0.04375
2 0.17176 0.62682 0.03056 0.04323
0 0.22824 0.34219 0.10093 0.04375
3 0.65231 0.47214 0.09352 0.09635
0 0.92731 0.29583 0.04907 0.03229
2 0.48704 0.68359 0.13148 0.11094
3 0.1287 0.31641 0.06481 0.0526
2 0.37731 0.44036 0.23241 0.10885
1 0.42963 0.96276 0.21296 0.07344
3 0.79028 0.49818 0.04722 0.0349
0 0.37454 0.1763 0.1287 0.2474
0 0.63287 0.32995 0.23981 0.10156
