0 0.66094 0.76528 0.09271 0.07685
0 0.83177 0.90046 0.11146 0.07685
0 0.24531 0.78009 0.03229 0.15463
0 0.78333 0.06898 0.09583 0.13796
0 0.12396 0.18611 0.04062 0.06667
0 0.76302 0.88611 0.03958 0.22593
0 0.16484 0.59537 0.1724 0.17222
0 0.78568 0.1588 0.11823 0.25648
0 0.95 0.85556 0.09896 0.28704
0 0.47734 0.55324 0.04115 0.07685
0 0.10573 0.89537 0.04583 0.20741
0 0.37083 0.44861 0.075 0.28611
0 0.90807 0.03426 0.05781 0.06852
0 0.47266 0.09861 0.03177 0.075
0 0.32995 0.13056 0.05781 0.26111
