0 0.85651 0.90602 0.04531 0.18611
0 0.9013 0.81713 0.01927 0.1213
0 0.18073 0.95231 0.02812 0.09352
0 0.4849 0.08519 0.03229 0.16296
0 0.73099 0.09306 0.1474 0.18611
0 0.42552 0.92269 0.08438 0.15278
0 0.73385 0.29722 0.14167 0.09444
0 0.58385 0.17454 0.04896 0.2287
0 0.77292 0.51157 0.04062 0.20463
0 0.79479 0.91667 0.07708 0.16481
0 0.93672 0.4625 0.10885 0.23426
0 0.1651 0.42546 0.18021 0.09722
0 0.37448 0.11806 0.17812 0.19167
0 0.24479 0.13519 0.05729 0.21852
0 0.10495 0.09213 0.10469 0.18426
