0 0.97454 0.8901 0.04907 0.11146
0 0.77361 0.54271 0.275 0.10417
0 0.25093 0.73307 0.03333 0.05885
0 0.37963 0.39505 0.16852 0.15885
0 0.65972 0.3862 0.10093 0.02135
0 0.76065 0.61823 0.10463 0.02396
0 0.33565 0.12578 0.21019 0.10781
0 0.81019 0.46302 0.14444 0.14583
0 0.52963 0.4763 0.19815 0.18281
0 0.21065 0.53984 0.28056 0.23385
0 0.06806 0.77526 0.13611 0.08802
0 0.40509 0.76875 0.12315 0.12396
0 0.49444 0.32995 0.08148 0.03906
0 0.21713 0.00885 0.07685 0.01771
0 0.90972 0.64818 0.1787 0.04323
