0 0.36343 0.39818 0.10463 0.08802
0 0.89954 0.85339 0.125 0.18802
0 0.26806 0.26328 0.02685 0.04844
0 0.78981 0.78255 0.15185 0.07969
0 0.52222 0.71406 0.3037 0.06875
0 0.9037 0.37135 0.19074 0.05938
0 0.20093 0.57135 0.0537 0.07396
0 0.84537 0.04297 0.13333 0.05365
0 0.73565 0.46641 0.1287 0.15469
0 0.96343 0.57708 0.0713 0.09583
0 0.7412 0.67917 0.29722 0.12604
0 0.13148 0.12656 0.23704 0.15833
0 0.5088 0.59297 0.20833 0.09844
0 0.15833 0.24297 0.0963 0.14427
0 0.33704 0.80599 0.07963 0.04323
