3 0.81042 0.38333 0.03125 0.03889
2 0.68646 0.76111 0.04792 0.16296
3 0.37135 0.43333 0.05312 0.09259
0 0.77969 0.24028 0.08229 0.17315
3 0.67135 0.59213 0.08125 0.14537
3 0.03828 0.10602 0.07656 0.17315
3 0.45078 0.3838 0.03281 0.09352
3 0.87474 0.04722 0.0401 0.09444
1 0.91797 0.63241 0.1026 0.06667
3 0.97005 0.96157 0.05885 0.075
1 0.85781 0.27407 0.09479 0.0963
1 0.1724 0.59491 0.10312 0.08611
3 0.17318 0.88611 0.05781 0.08333
0 0.21901 0.37917 0.03698 0.03241
0 0.40286 0.05602 0.03698 0.11204
