1 0.19676 0.88542 0.15833 0.09167
0 0.89352 0.63724 0.21111 0.08698
2 0.4088 0.95312 0.08056 0.09271
3 0.92685 0.12214 0.14444 0.04531
1 0.33519 0.06276 0.26667 0.10156
0 0.6287 0.90208 0.23519 0.13958
2 0.16481 0.66797 0.08889 0.01615
2 0.66157 0.76641 0.225 0.04323
1 0.38056 0.69948 0.11296 0.13438
2 0.88102 0.94896 0.23611 0.10104
0 0.74444 0.31484 0.10556 0.20573
0 0.4463 0.72005 0.30741 0.05781
0 0.52176 0.86068 0.175 0.04323
2 0.41204 0.85182 0.05185 0.08906
3 0.0662 0.83073 0.06204 0.01875
