0 0.30026 0.6912 0.0724 0.06759
0 0.11615 0.13889 0.01979 0.06852
3 0.62109 0.68611 0.06198 0.25741
3 0.18385 0.34259 0.03333 0.03148
2 0.19818 0.81111 0.06406 0.06852
1 0.31615 0.11667 0.06042 0.18148
1 0.44661 0.89259 0.01615 0.07037
0 0.26667 0.55972 0.08021 0.13611
1 0.91615 0.96481 0.11042 0.06852
0 0.77292 0.8412 0.11979 0.22315
2 0.02057 0.48287 0.04115 0.20463
2 0.75677 0.57917 0.02292 0.04352
2 0.79062 0.13657 0.04792 0.08426
2 0.42734 0.41019 0.04323 0.21667
3 0.3763 0.36157 0.05469 0.15648
