1 0.43464 0.90972 0.15885 0.10278
3 0.88958 0.31157 0.04583 0.18426
1 0.60156 0.28333 0.0625 0.1963
3 0.58568 0.225 0.03177 0.03889
2 0.17839 0.85324 0.04219 0.09907
3 0.18932 0.81204 0.04115 0.07037
0 0.86719 0.19398 0.1375 0.23426
1 0.93021 0.41528 0.03021 0.15463
3 0.39948 0.28194 0.05729 0.05463
0 0.05521 0.70694 0.05417 0.08796
1 0.87005 0.55741 0.07344 0.22963
0 0.48516 0.94167 0.03073 0.11481
2 0.76693 0.59167 0.01302 0.07222
2 0.33177 0.21944 0.03021 0.02222
0 0.84766 0.92454 0.07344 0.03426
