0 0.08194 0.24089 0.13611 0.09427
0 0.10648 0.67708 0.14259 0.02604
0 0.28472 0.24349 0.14722 0.22135
0 0.7588 0.67526 0.08796 0.12448
0 0.43704 0.86719 0.26296 0.09375
0 0.27315 0.6013 0.14444 0.05156
0 0.38194 0.35807 0.09352 0.02135
0 0.94028 0.94115 0.11759 0.11667
0 0.67454 0.04167 0.25648 0.08333
0 0.47454 0.96562 0.20278 0.05312
0 0.45093 0.59453 0.27222 0.12865
0 0.5287 0.17474 0.14444 0.11302
0 0.37824 0.7099 0.18426 0.04271
0 0.86944 0.27214 0.08333 0.14323
0 0.07546 0.35 0.07315 0.07917
