3 0.06953 0.81065 0.07344 0.16574
2 0.23958 0.82083 0.02708 0.10463
0 0.67604 0.7463 0.14792 0.35926
2 0.56354 0.09537 0.02083 0.10556
3 0.41484 0.25324 0.06198 0.06759
0 0.71354 0.03704 0.07396 0.06481
2 0.94948 0.97639 0.03333 0.04537
3 0.60781 0.27917 0.09167 0.09722
3 0.61172 0.43981 0.0526 0.05185
2 0.01276 0.58843 0.02552 0.03796
1 0.15911 0.86065 0.06198 0.08981
3 0.37734 0.19074 0.0401 0.02222
0 0.95573 0.65 0.05625 0.11852
1 0.08073 0.31343 0.05104 0.03241
3 0.31979 0.49907 0.04479 0.12778
