2 0.31806 0.38542 0.08056 0.13229
0 0.52685 0.35911 0.15556 0.14635
1 0.3412 0.49245 0.06759 0.04948
1 0.69444 0.46875 0.1537 0.12812
3 0.10787 0.01927 0.05278 0.03854
2 0.48194 0.17734 0.03241 0.03177
3 0.5875 0.1612 0.13426 0.1224
0 0.63657 0.73151 0.22685 0.05677
3 0.41574 0.74688 0.22407 0.06875
2 0.73102 0.3401 0.19352 0.09583
1 0.34769 0.17344 0.14537 0.10729
2 0.13148 0.475 0.08333 0.04375
0 0.66944 0.95156 0.08333 0.09583
3 0.89583 0.43906 0.19167 0.06667
2 0.92037 0.85286 0.15741 0.03802
