0 0.50509 0.86302 0.21389 0.05625
3 0.91435 0.59531 0.16944 0.05312
3 0.43426 0.98594 0.02778 0.02708
0 0.84676 0.27708 0.13796 0.05938
2 0.91065 0.86328 0.08426 0.02656
3 0.8162 0.72682 0.07685 0.03594
3 0.18704 0.17552 0.06852 0.06562
3 0.15833 0.33177 0.07963 0.10208
2 0.44769 0.25729 0.20833 0.09583
1 0.16157 0.08906 0.11204 0.09375
1 0.27361 0.50365 0.15278 0.08958
3 0.0537 0.53099 0.10741 0.13906
1 0.09769 0.14661 0.13611 0.0276
2 0.92778 0.55911 0.14259 0.03802
1 0.55139 0.96589 0.11944 0.05052
