3 0.74861 0.32057 0.21389 0.06094
3 0.41898 0.79818 0.04907 0.02135
1 0.43843 0.21589 0.11204 0.05052
2 0.93287 0.1513 0.06204 0.01198
2 0.89815 0.025 0.1963 0.05
3 0.25556 0.63255 0.02037 0.03073
1 0.72269 0.32057 0.06944 0.02969
3 0.41343 0.38802 0.13056 0.10729
3 0.6287 0.21771 0.09074 0.09583
2 0.23102 0.51927 0.18056 0.08333
2 0.31019 0.24922 0.14259 0.05573
2 0.06944 0.29661 0.07407 0.05052
0 0.89676 0.73099 0.20463 0.13698
1 0.4125 0.89193 0.09537 0.14635
1 0.10093 0.36172 0.20185 0.0849
