2 0.11615 0.86852 0.09688 0.26111
2 0.07135 0.8375 0.11146 0.19537
3 0.01536 0.72917 0.03073 0.03981
3 0.03698 0.11667 0.07396 0.23333
1 0.54635 0.06296 0.09583 0.12593
0 0.25703 0.8838 0.17344 0.08056
3 0.93464 0.05463 0.06823 0.0463
0 0.23646 0.34028 0.08438 0.19907
3 0.03411 0.50463 0.06823 0.08889
1 0.75208 0.62037 0.11979 0.14444
0 0.26745 0.55648 0.10052 0.10741
2 0.95885 0.73657 0.05729 0.15278
3 0.59818 0.07315 0.05052 0.1463
1 0.55677 0.03241 0.04271 0.06481
3 0.55026 0.33009 0.03281 0.1787
