0 0.76435 0.05911 0.13611 0.05573
0 0.76019 0.90859 0.18889 0.10573
0 0.41991 0.21797 0.04907 0.05469
0 0.09769 0.62318 0.16204 0.04219
0 0.79398 0.31615 0.04907 0.04062
0 0.84398 0.175 0.125 0.18229
0 0.27593 0.19089 0.23333 0.12552
0 0.30602 0.43203 0.13056 0.07031
0 0.75185 0.31276 0.06111 0.09635
0 0.88148 0.94193 0.1463 0.08073
0 0.49167 0.60208 0.08889 0.12083
0 0.48889 0.36198 0.28148 0.13021
0 0.40509 0.81927 0.01944 0.03125
0 0.95509 0.61484 0.08796 0.05469
0 0.49537 0.59609 0.13333 0.02031
