2 0.59861 0.34505 0.20463 0.05365
2 0.7 0.95729 0.21852 0.07708
0 0.28519 0.02604 0.12593 0.05208
1 0.61296 0.99583 0.06481 0.00729
2 0.75741 0.15234 0.12963 0.12865
1 0.54907 0.15052 0.26481 0.1
3 0.28611 0.77109 0.21296 0.0974
0 0.60833 0.95938 0.13889 0.06562
2 0.73519 0.82917 0.05926 0.03125
3 0.16667 0.95859 0.17407 0.06094
1 0.10926 0.85547 0.08704 0.02656
3 0.67083 0.19688 0.0787 0.03542
0 0.27685 0.64245 0.08519 0.09219
1 0.10463 0.15885 0.20926 0.27812
2 0.46204 0.24844 0.16296 0.11042
