0 0.2662 0.88385 0.11574 0.03021
0 0.28287 0.66667 0.20648 0.05417
0 0.91481 0.05521 0.16481 0.09896
0 0.85556 0.84531 0.28704 0.16146
0 0.2875 0.37188 0.16759 0.10104
0 0.40509 0.24323 0.10093 0.01667
0 0.40324 0.37708 0.21389 0.04271
0 0.16389 0.79792 0.0463 0.07292
0 0.65648 0.10599 0.13519 0.02135
0 0.4375 0.49427 0.09907 0.05208
0 0.15741 0.59609 0.0537 0.04531
0 0.74769 0.89479 0.18056 0.09271
0 0.63009 0.01458 0.06389 0.02292
0 0.81991 0.22422 0.11389 0.0526
0 0.09213 0.27865 0.13981 0.08229
