0 0.72546 0.15417 0.17315 0.07292
0 0.36574 0.67396 0.04815 0.07708
0 0.94769 0.45495 0.05093 0.06927
0 0.93287 0.91823 0.08056 0.11042
0 0.79537 0.20391 0.13889 0.06823
0 0.69028 0.26432 0.10833 0.0849
0 0.89491 0.58151 0.20833 0.08698
0 0.82778 0.90286 0.22407 0.19323
0 0.34352 0.01953 0.08148 0.03906
0 0.74583 0.32943 0.11574 0.04115
0 0.43194 0.04896 0.14352 0.03125
0 0.97083 0.80417 0.05648 0.07812
0 0.61944 0.98646 0.19074 0.02604
0 0.92222 0.12526 0.1537 0.0474
0 0.75185 0.79609 0.07593 0.0401
