0 0.94844 0.65509 0.10208 0.08981
0 0.42708 0.96528 0.20729 0.06759
0 0.7125 0.34769 0.08125 0.275
0 0.04401 0.56389 0.0349 0.19074
0 0.89844 0.90417 0.06458 0.09722
0 0.84193 0.46574 0.16615 0.24815
0 0.33047 0.88981 0.1151 0.21852
0 0.14688 0.85509 0.02292 0.06389
0 0.43021 0.26296 0.04271 0.18519
0 0.11146 0.65185 0.04062 0.21667
0 0.27214 0.13565 0.02031 0.12685
0 0.55547 0.98935 0.06823 0.01944
0 0.0651 0.60185 0.06771 0.11481
0 0.72109 0.09259 0.08594 0.08148
0 0.17943 0.93102 0.0401 0.0287
