0 0.27891 0.11204 0.07552 0.07222
1 0.20755 0.01991 0.09635 0.03981
2 0.37214 0.88889 0.1474 0.11667
1 0.44271 0.69769 0.09271 0.06944
2 0.98594 0.81343 0.02708 0.04167
0 0.57083 0.87222 0.08646 0.12963
2 0.03516 0.79676 0.03802 0.09722
2 0.93438 0.91898 0.05833 0.16019
0 0.46745 0.2912 0.02344 0.16019
1 0.37292 0.48981 0.10104 0.22407
1 0.85964 0.3537 0.02344 0.11667
0 0.09844 0.19398 0.06042 0.11204
1 0.38802 0.19861 0.03542 0.15648
3 0.36875 0.71713 0.09062 0.16574
1 0.71458 0.16713 0.07917 0.19352
