0 0.07407 0.45339 0.14815 0.07031
2 0.79028 0.21536 0.10278 0.16823
1 0.43241 0.36172 0.18148 0.07865
3 0.24259 0.19062 0.11852 0.03958
3 0.23657 0.7737 0.08056 0.04948
3 0.02176 0.39115 0.04352 0.03125
3 0.86389 0.63594 0.10926 0.03125
1 0.52083 0.28906 0.125 0.11771
0 0.36019 0.54141 0.12407 0.01927
2 0.53241 0.74245 0.14815 0.02969
2 0.24074 0.96328 0.0537 0.0724
1 0.21528 0.33594 0.15093 0.10417
1 0.22685 0.94688 0.4537 0.10521
1 0.60231 0.88125 0.06019 0.09375
0 0.78056 0.3138 0.11481 0.02448
