0 0.76713 0.87135 0.19537 0.08333
0 0.53981 0.80312 0.22407 0.04688
0 0.23935 0.47865 0.13056 0.03438
0 0.07639 0.1849 0.15278 0.08958
0 0.68472 0.75703 0.10648 0.03385
0 0.54676 0.17604 0.16944 0.04375
0 0.30602 0.79167 0.09352 0.05521
0 0.45093 0.14635 0.15 0.05521
0 0.43194 0.51823 0.2287 0.05938
0 0.10463 0.40417 0.20926 0.07083
0 0.07222 0.77344 0.14444 0.10938
0 0.34861 0.20964 0.13611 0.20156
0 0.10139 0.68776 0.19722 0.18177
0 0.41574 0.74297 0.17037 0.08698
0 0.85463 0.51875 0.22222 0.13125
