0 0.83426 0.28776 0.10185 0.15156
0 0.94352 0.92188 0.10741 0.15521
0 0.09954 0.91146 0.19907 0.11354
0 0.59398 0.37708 0.06944 0.11979
0 0.13472 0.24219 0.26944 0.06146
0 0.7787 0.13203 0.13333 0.02135
0 0.89722 0.53958 0.05185 0.03542
0 0.58102 0.44896 0.11389 0.03333
0 0.89167 0.38516 0.11852 0.05677
0 0.47083 0.34766 0.21759 0.03594
0 0.11574 0.5625 0.23148 0.07604
0 0.94491 0.84609 0.10833 0.08073
0 0.96296 0.3 0.07222 0.09479
0 0.70833 0.28516 0.14259 0.0224
0 0.47731 0.33203 0.04907 0.03802
