3 0.05602 0.2138 0.11204 0.14844
3 0.23843 0.01094 0.02685 0.02188
0 0.6037 0.43151 0.16481 0.02656
3 0.66204 0.67682 0.09074 0.04115
3 0.41111 0.25208 0.1463 0.06354
1 0.24167 0.88281 0.20556 0.06562
1 0.82361 0.20104 0.21204 0.10104
2 0.20185 0.9651 0.15926 0.06875
1 0.55417 0.8526 0.21204 0.125
0 0.37639 0.05599 0.09167 0.03073
3 0.05787 0.05339 0.11574 0.05365
1 0.74954 0.81875 0.25093 0.08021
2 0.74861 0.93932 0.09352 0.10052
2 0.20278 0.14349 0.10185 0.10156
1 0.83241 0.59036 0.14444 0.08281
