3 0.31146 0.75324 0.05625 0.18426
3 0.08568 0.27963 0.04323 0.04444
2 0.50313 0.88565 0.07292 0.1213
2 0.29818 0.37778 0.04219 0.21481
1 0.67474 0.87917 0.12865 0.23981
0 0.95052 0.19537 0.05833 0.07593
0 0.75938 0.89491 0.06042 0.20463
3 0.38672 0.67639 0.0276 0.06019
2 0.51875 0.45417 0.08438 0.13611
0 0.15182 0.18519 0.10469 0.22778
1 0.53021 0.9875 0.05417 0.02315
1 0.31589 0.47778 0.12656 0.24074
2 0.46302 0.44861 0.03229 0.14537
0 0.81901 0.15278 0.07448 0.17222
1 0.32865 0.12037 0.08542 0.11852
