2 0.09537 0.28906 0.12407 0.03958
1 0.02639 0.97526 0.05278 0.02969
2 0.68472 0.07943 0.09722 0.09948
0 0.19259 0.67943 0.17593 0.12031
3 0.57824 0.13307 0.1713 0.14948
3 0.63796 0.21068 0.20185 0.07969
2 0.75972 0.15026 0.09167 0.06823
3 0.97083 0.08984 0.05648 0.04531
0 0.20139 0.90833 0.12315 0.13854
1 0.79398 0.53073 0.08981 0.13958
3 0.20833 0.64688 0.0537 0.05521
0 0.72546 0.5599 0.08426 0.15208
1 0.21991 0.71354 0.07685 0.03125
3 0.52593 0.5 0.06481 0.08229
3 0.48056 0.43516 0.02222 0.03906
