0 0.49688 0.66667 0.04688 0.22407
0 0.43359 0.22315 0.2276 0.16296
0 0.23594 0.61574 0.15833 0.10741
0 0.63776 0.58981 0.1599 0.34444
0 0.69792 0.84676 0.12188 0.08056
0 0.09323 0.66944 0.10833 0.07222
0 0.64297 0.65833 0.13698 0.17407
0 0.21641 0.36204 0.11615 0.27407
0 0.88411 0.82685 0.04115 0.24259
0 0.86432 0.26528 0.05781 0.31389
0 0.23411 0.73426 0.0599 0.11667
0 0.57344 0.62407 0.01875 0.08148
0 0.73151 0.15417 0.11198 0.21389
0 0.25964 0.91806 0.04427 0.16204
0 0.67604 0.34769 0.13646 0.07315
