1 0.67315 0.75833 0.26667 0.11146
0 0.31806 0.27214 0.23426 0.06615
3 0.61157 0.93568 0.13241 0.06094
2 0.82083 0.88932 0.0287 0.0349
0 0.52454 0.69427 0.15278 0.11458
0 0.12037 0.92188 0.24074 0.10833
0 0.27222 0.73125 0.16481 0.04896
0 0.59583 0.25651 0.11759 0.09844
1 0.13102 0.73672 0.14352 0.1099
2 0.13241 0.2862 0.08148 0.1099
2 0.15694 0.03776 0.15463 0.07552
3 0.05231 0.45469 0.10463 0.09792
0 0.5375 0.84036 0.22685 0.0526
1 0.35602 0.80677 0.2213 0.07812
1 0.39815 0.85964 0.24259 0.05052
