0 0.15104 0.58796 0.04583 0.07778
0 0.59141 0.08889 0.04948 0.17778
0 0.7099 0.16065 0.16771 0.18796
0 0.30781 0.09213 0.13021 0.15648
0 0.66927 0.11435 0.09583 0.15833
0 0.02656 0.50926 0.05312 0.31296
0 0.76927 0.53009 0.04479 0.09537
0 0.25391 0.31343 0.06719 0.25463
0 0.81797 0.03657 0.09115 0.07315
0 0.04766 0.29815 0.02865 0.1463
0 0.38333 0.57083 0.1 0.06759
0 0.85417 0.98472 0.06771 0.0287
0 0.80807 0.22778 0.07031 0.23704
0 0.45339 0.83935 0.04427 0.10463
0 0.07786 0.76389 0.15573 0.2037
