1 0.53472 0.44896 0.16389 0.06771
1 0.11667 0.21172 0.23333 0.1151
3 0.33981 0.32083 0.10926 0.08958
1 0.08796 0.44062 0.17593 0.07708
1 0.24722 0.04661 0.12407 0.05365
3 0.5875 0.9 0.03241 0.04271
0 0.46991 0.05859 0.09722 0.11719
2 0.96713 0.81068 0.06389 0.0526
0 0.54491 0.0099 0.05278 0.01979
0 0.42685 0.70521 0.07407 0.09375
3 0.84907 0.61901 0.07593 0.06302
1 0.66065 0.95599 0.15278 0.08698
1 0.6088 0.54479 0.03426 0.04792
1 0.46481 0.29297 0.10556 0.0474
1 0.94954 0.20703 0.07685 0.07656
