0 0.88704 0.23333 0.08519 0.15313
0 0.45741 0.93828 0.22407 0.0474
0 0.59352 0.82891 0.28519 0.1099
0 0.4213 0.1276 0.28148 0.10833
0 0.8125 0.60417 0.25093 0.04688
0 0.04306 0.03359 0.08611 0.06719
0 0.5662 0.85677 0.21019 0.08125
0 0.69398 0.325 0.19352 0.12812
0 0.32639 0.04193 0.07315 0.03385
0 0.06898 0.32943 0.13796 0.04219
0 0.62639 0.07396 0.11759 0.11771
0 0.20926 0.76667 0.1963 0.07396
0 0.19444 0.05182 0.13889 0.08177
0 0.7375 0.08359 0.16389 0.06302
0 0.93009 0.57266 0.13796 0.08698
