0 0.08241 0.02396 0.16481 0.04688
0 0.11574 0.28255 0.13333 0.02135
0 0.68241 0.73333 0.26667 0.12292
0 0.67361 0.3625 0.14537 0.02708
0 0.25093 0.54609 0.03889 0.05885
0 0.6037 0.50964 0.14074 0.1026
0 0.94444 0.86094 0.10926 0.10938
0 0.01667 0.0487 0.03148 0.0651
0 0.01759 0.42474 0.03519 0.14531
0 0.33287 0.76224 0.10648 0.15781
0 0.14074 0.07552 0.15926 0.04167
0 0.59213 0.33594 0.14352 0.03333
0 0.47685 0.0349 0.08333 0.02917
0 0.6662 0.58906 0.24722 0.11771
0 0.95509 0.37161 0.04352 0.03594
