0 0.33704 0.02318 0.22778 0.04635
0 0.35093 0.7474 0.06481 0.0875
0 0.10694 0.65208 0.21389 0.0625
0 0.49074 0.06641 0.16296 0.13281
0 0.11667 0.15599 0.23333 0.1401
0 0.59306 0.65026 0.11019 0.21406
0 0.25694 0.21016 0.11944 0.17552
0 0.94815 0.63646 0.07963 0.01354
0 0.63194 0.47344 0.23426 0.11146
0 0.08611 0.45625 0.07778 0.14479
0 0.03704 0.96875 0.07407 0.01667
0 0.83935 0.94219 0.18426 0.05417
0 0.66759 0.16536 0.16667 0.11406
0 0.35185 0.30833 0.09259 0.06146
0 0.575 0.12474 0.13333 0.09115
