0 0.57812 0.37963 0.18542 0.2037
0 0.32786 0.29537 0.12031 0.26111
0 0.47734 0.29074 0.06302 0.05185
0 0.64714 0.43843 0.14115 0.18981
0 0.41719 0.61435 0.05417 0.23426
0 0.20703 0.33657 0.02865 0.18981
0 0.89974 0.41944 0.04844 0.08148
0 0.80833 0.94861 0.03854 0.10093
0 0.0487 0.83657 0.0974 0.09722
0 0.18151 0.28565 0.09948 0.2787
0 0.49688 0.95694 0.03229 0.08426
0 0.73672 0.4088 0.1724 0.16389
0 0.34062 0.51852 0.10312 0.21852
0 0.79036 0.58148 0.19948 0.10741
0 0.0737 0.06713 0.02865 0.08056
