0 0.79792 0.80093 0.04583 0.21481
0 0.36198 0.15694 0.08542 0.04352
0 0.25286 0.08426 0.13385 0.0963
0 0.89271 0.63102 0.11354 0.24722
0 0.86797 0.6713 0.11094 0.07407
0 0.7375 0.97407 0.03229 0.05
0 0.45234 0.48565 0.06094 0.20648
0 0.05312 0.68426 0.10625 0.38889
0 0.17214 0.48009 0.04844 0.03056
0 0.44896 0.0338 0.11875 0.06389
0 0.28958 0.8963 0.01875 0.09444
0 0.96562 0.35463 0.06771 0.12222
0 0.45964 0.35602 0.08385 0.0787
0 0.63203 0.80787 0.0651 0.12685
0 0.81693 0.40093 0.01302 0.08704
