0 0.30231 0.64479 0.25278 0.14479
0 0.27454 0.30495 0.10648 0.05469
0 0.69259 0.48724 0.06481 0.04323
0 0.86667 0.30625 0.15741 0.11042
0 0.10602 0.4099 0.21204 0.10625
0 0.63981 0.1224 0.23148 0.04896
0 0.81157 0.23359 0.34167 0.06302
0 0.67083 0.37188 0.09537 0.18646
0 0.22407 0.54089 0.0463 0.06719
0 0.88843 0.53906 0.18426 0.03646
0 0.46713 0.80286 0.16574 0.03281
0 0.10093 0.95651 0.20185 0.04844
0 0.32361 0.34818 0.24167 0.04427
0 0.43241 0.88724 0.29074 0.06198
0 0.54954 0.27135 0.19167 0.15
