3 0.49722 0.3638 0.21481 0.09844
1 0.09167 0.78594 0.18333 0.09479
1 0.29676 0.52917 0.12685 0.08542
1 0.94352 0.97786 0.11111 0.04323
0 0.80926 0.10156 0.03704 0.04062
1 0.94028 0.75729 0.08611 0.05938
0 0.77083 0.0599 0.11944 0.05521
0 0.53241 0.60833 0.13519 0.08958
0 0.24537 0.76693 0.06852 0.01406
0 0.68148 0.55469 0.11296 0.11354
2 0.63611 0.71068 0.06481 0.01198
2 0.8037 0.4375 0.19074 0.13438
1 0.65787 0.14036 0.08426 0.04635
1 0.68333 0.18958 0.12963 0.02604
0 0.31852 0.65755 0.2963 0.09323
