0 0.93906 0.70648 0.1125 0.21481
0 0.50859 0.78148 0.05677 0.13519
0 0.20417 0.94907 0.14792 0.1
0 0.61536 0.98426 0.05469 0.02963
0 0.53932 0.28009 0.07865 0.2213
0 0.11042 0.91204 0.04688 0.03889
0 0.45495 0.91991 0.11927 0.15833
0 0.20677 0.48102 0.20312 0.2713
0 0.45703 0.6287 0.04427 0.06667
0 0.31797 0.69537 0.06406 0.04259
0 0.67839 0.27778 0.12344 0.22963
0 0.03984 0.10324 0.0474 0.08981
0 0.58333 0.60324 0.06354 0.34722
0 0.56146 0.78519 0.03333 0.06296
0 0.02708 0.26065 0.05417 0.18056
