0 0.48843 0.66589 0.175 0.10365
3 0.65093 0.66302 0.07778 0.0875
2 0.1625 0.1125 0.15093 0.08125
3 0.60972 0.47135 0.10278 0.05625
0 0.20602 0.72161 0.39907 0.13594
3 0.24769 0.84766 0.06759 0.08698
0 0.91852 0.67292 0.02593 0.03854
3 0.83935 0.02188 0.03981 0.03646
0 0.38981 0.52656 0.11111 0.06562
1 0.32639 0.15156 0.10833 0.02083
0 0.18287 0.47005 0.14167 0.06198
0 0.25833 0.3099 0.08333 0.01771
3 0.64167 0.73672 0.17778 0.1026
0 0.08981 0.89896 0.17963 0.07708
3 0.21296 0.50729 0.20926 0.05938
