2 0.2838 0.29349 0.1213 0.06198
1 0.70556 0.69297 0.09074 0.03802
3 0.22083 0.71562 0.17315 0.11458
2 0.80602 0.84844 0.03056 0.05104
2 0.94306 0.06146 0.09907 0.12292
0 0.20278 0.23958 0.10741 0.08021
0 0.49861 0.50313 0.30648 0.14167
3 0.72917 0.1737 0.15648 0.05469
3 0.73935 0.12318 0.15463 0.06094
2 0.32083 0.55677 0.08426 0.10208
1 0.22639 0.35703 0.18796 0.12552
2 0.89167 0.24062 0.21481 0.0875
3 0.04815 0.64062 0.06667 0.07396
0 0.23796 0.82656 0.20926 0.13854
0 0.45278 0.09792 0.08519 0.12292
