0 0.78854 0.71528 0.05729 0.26944
0 0.1612 0.83426 0.13281 0.28148
0 0.60833 0.63009 0.05417 0.18426
0 0.05156 0.22083 0.10312 0.25833
0 0.07266 0.59722 0.03385 0.07407
0 0.44479 0.90093 0.03854 0.17963
0 0.15078 0.64537 0.03177 0.10185
0 0.56641 0.38472 0.06302 0.10278
0 0.52969 0.20926 0.05104 0.12037
0 0.8612 0.35648 0.12656 0.2463
0 0.98958 0.22593 0.01979 0.03148
0 0.3401 0.22315 0.05417 0.18333
0 0.85521 0.54028 0.12917 0.09907
0 0.68906 0.53472 0.07812 0.05093
0 0.9513 0.46296 0.09635 0.2463
