1 0.72917 0.11759 0.08854 0.11667
2 0.12266 0.53611 0.11406 0.16296
3 0.05026 0.16806 0.08281 0.0787
1 0.96536 0.82685 0.06823 0.09259
0 0.62917 0.22917 0.05417 0.03056
3 0.8013 0.6912 0.12344 0.09352
0 0.04193 0.12963 0.08385 0.16481
0 0.80833 0.09815 0.03646 0.10926
3 0.50026 0.98472 0.01719 0.0287
3 0.01979 0.53843 0.03958 0.06019
3 0.22188 0.13981 0.08542 0.15556
0 0.07526 0.39213 0.15052 0.13981
1 0.97526 0.39306 0.04844 0.1287
0 0.98802 0.30926 0.02292 0.03889
2 0.96875 0.71944 0.06146 0.1963
