2 0.89907 0.43229 0.06481 0.01875
1 0.07407 0.8 0.14815 0.09792
0 0.6838 0.89115 0.27315 0.09583
0 0.52731 0.86042 0.1787 0.03021
3 0.9463 0.49974 0.10556 0.0901
3 0.91343 0.06432 0.1713 0.06823
2 0.37963 0.20208 0.09074 0.08958
2 0.06204 0.61094 0.02963 0.04896
0 0.36852 0.38047 0.17778 0.11823
3 0.90324 0.49089 0.04352 0.03177
2 0.52454 0.90703 0.15093 0.05469
2 0.90046 0.21797 0.19537 0.09635
0 0.61806 0.44427 0.11204 0.05312
1 0.15787 0.73646 0.21759 0.13021
1 0.03287 0.30677 0.06574 0.02604
