0 0.44818 0.73333 0.15469 0.23333
1 0.51094 0.18657 0.025 0.05833
3 0.78047 0.10046 0.05365 0.20093
0 0.08229 0.83287 0.025 0.11019
3 0.60286 0.04167 0.03802 0.08333
1 0.59193 0.81204 0.01719 0.08333
2 0.5849 0.53519 0.12396 0.20556
3 0.31875 0.05324 0.04062 0.10648
0 0.21276 0.04861 0.18698 0.09722
3 0.71745 0.0662 0.08802 0.09722
1 0.39844 0.23935 0.04792 0.08981
3 0.92734 0.43843 0.03073 0.05463
3 0.46224 0.06806 0.11198 0.13611
1 0.16901 0.54583 0.11198 0.24167
1 0.07057 0.39074 0.06094 0.03889
