3 0.31019 0.8599 0.12963 0.10417
1 0.95602 0.66458 0.08426 0.13438
0 0.17917 0.23776 0.03611 0.04219
0 0.50833 0.43672 0.17407 0.03698
3 0.13935 0.70573 0.07685 0.03958
0 0.77546 0.34036 0.1713 0.03594
1 0.92963 0.46016 0.13889 0.10052
3 0.69028 0.10885 0.08796 0.15521
1 0.21528 0.49167 0.07315 0.1125
1 0.07454 0.61927 0.14907 0.10938
2 0.13843 0.94792 0.07685 0.10312
1 0.64491 0.94401 0.11574 0.08594
1 0.92639 0.11615 0.075 0.03229
2 0.78704 0.23698 0.11667 0.14583
2 0.95185 0.93411 0.09444 0.06927
