1 0.46065 0.77474 0.10093 0.15677
2 0.3713 0.19193 0.09259 0.04948
0 0.9213 0.90286 0.15556 0.08594
1 0.60324 0.72057 0.07685 0.03698
2 0.38102 0.50104 0.0787 0.04479
3 0.96806 0.45859 0.05463 0.0151
1 0.44537 0.21615 0.47778 0.12708
2 0.80972 0.2849 0.06019 0.04062
0 0.35648 0.15703 0.13889 0.07656
0 0.53889 0.42708 0.17778 0.0625
3 0.26574 0.24635 0.12222 0.06771
3 0.38287 0.33776 0.05463 0.03073
0 0.58889 0.86432 0.27037 0.07969
1 0.21852 0.34766 0.1463 0.14427
0 0.93935 0.81042 0.05093 0.04792
