0 0.50648 0.97786 0.02593 0.04323
0 0.38426 0.40286 0.11481 0.21198
0 0.3088 0.93229 0.1713 0.13438
0 0.06481 0.14349 0.12963 0.12552
0 0.49769 0.25156 0.24722 0.11771
0 0.78611 0.2224 0.10556 0.02188
0 0.06435 0.6737 0.1287 0.26615
0 0.48426 0.62656 0.2463 0.07292
0 0.175 0.51432 0.15556 0.04635
0 0.16991 0.70443 0.06204 0.01198
0 0.87917 0.41536 0.23981 0.18906
0 0.84722 0.35469 0.19444 0.03542
0 0.87639 0.18438 0.0787 0.06562
0 0.75741 0.61771 0.30185 0.06979
0 0.18981 0.22188 0.22778 0.04167
