3 0.81901 0.56944 0.07865 0.08519
0 0.98672 0.88657 0.02552 0.11944
2 0.02656 0.63611 0.05312 0.12407
3 0.77214 0.07546 0.02448 0.08796
0 0.21068 0.34306 0.0151 0.08796
1 0.14453 0.63287 0.09219 0.13056
2 0.44297 0.53796 0.07031 0.13148
3 0.15078 0.35648 0.07656 0.14074
3 0.06406 0.37176 0.04688 0.1213
2 0.07474 0.09259 0.04115 0.02407
3 0.97943 0.31111 0.0401 0.05926
3 0.20677 0.81713 0.09688 0.11759
2 0.61719 0.6625 0.11562 0.19722
0 0.75833 0.56528 0.04792 0.325
3 0.61016 0.05648 0.14115 0.11296
