0 0.70443 0.91806 0.04531 0.06759
0 0.52891 0.51806 0.03177 0.06019
0 0.7125 0.78796 0.08854 0.11111
0 0.11979 0.45556 0.03958 0.09444
0 0.30339 0.19907 0.0901 0.13519
0 0.67005 0.76435 0.05052 0.04722
0 0.90339 0.50509 0.12344 0.08981
0 0.35573 0.08935 0.05 0.1787
0 0.7026 0.4338 0.01875 0.11759
0 0.46693 0.79907 0.05885 0.15556
0 0.22708 0.76204 0.06354 0.17963
0 0.75391 0.27222 0.0349 0.09259
0 0.81276 0.6125 0.06823 0.26019
0 0.47656 0.07639 0.18229 0.15278
0 0.32708 0.37546 0.22917 0.21759
