2 0.26615 0.78611 0.11667 0.08148
2 0.5974 0.14398 0.02396 0.03981
2 0.4513 0.44398 0.02865 0.12315
3 0.09193 0.12454 0.08802 0.08241
2 0.18802 0.07315 0.08958 0.1463
3 0.38672 0.41898 0.02969 0.03426
1 0.87344 0.14583 0.12917 0.15463
3 0.49688 0.25741 0.03438 0.07593
2 0.75312 0.51528 0.06667 0.19537
3 0.80547 0.6125 0.01302 0.06204
0 0.3276 0.56389 0.05312 0.13148
2 0.87839 0.49444 0.04844 0.13704
0 0.0263 0.82407 0.0526 0.06667
1 0.69349 0.10787 0.10573 0.21574
1 0.57812 0.02685 0.04688 0.05
