0 0.85185 0.52917 0.17778 0.10417
3 0.31157 0.31484 0.13796 0.12969
0 0.85926 0.96823 0.06296 0.0625
3 0.57731 0.27344 0.13611 0.12917
2 0.10648 0.17552 0.08889 0.08021
1 0.38519 0.87188 0.05185 0.03854
1 0.45 0.75573 0.07222 0.1
2 0.36389 0.97161 0.04259 0.01823
3 0.23426 0.27526 0.06296 0.04427
1 0.33565 0.28958 0.08981 0.04792
2 0.96435 0.88724 0.06944 0.06198
1 0.3662 0.78464 0.11759 0.08385
0 0.62222 0.26406 0.07593 0.01458
3 0.19676 0.59948 0.05093 0.04167
2 0.47269 0.22266 0.07315 0.01719
