0 0.47865 0.72361 0.14375 0.11019
0 0.61172 0.50185 0.08073 0.22778
0 0.43776 0.14815 0.03281 0.06111
0 0.58828 0.3375 0.17656 0.10278
0 0.04818 0.43472 0.09635 0.33611
0 0.56328 0.77685 0.03177 0.2
0 0.93802 0.34537 0.12292 0.09444
0 0.98229 0.65648 0.03438 0.10185
0 0.57266 0.2463 0.13385 0.17963
0 0.98021 0.32407 0.03854 0.10185
0 0.59141 0.91574 0.0224 0.11296
0 0.13438 0.41574 0.06042 0.28148
0 0.06328 0.76759 0.12656 0.25556
0 0.43516 0.52361 0.16094 0.23426
0 0.23672 0.36019 0.03698 0.16481
