0 0.06354 0.14074 0.12708 0.28148
0 0.95495 0.36343 0.08906 0.40463
0 0.94766 0.46296 0.04844 0.04444
0 0.58203 0.37083 0.06302 0.15278
0 0.61484 0.75185 0.06927 0.04259
0 0.18906 0.16389 0.05938 0.31481
0 0.55208 0.63796 0.11875 0.10741
0 0.49948 0.08148 0.11979 0.16296
0 0.30703 0.05648 0.03385 0.09074
0 0.14974 0.62731 0.04844 0.175
0 0.45964 0.60324 0.11094 0.11944
0 0.74427 0.03565 0.05208 0.03796
0 0.12812 0.08102 0.06979 0.16204
0 0.05573 0.90648 0.11146 0.18519
0 0.02708 0.77315 0.05417 0.12222
