0 0.675 0.13657 0.02708 0.07685
0 0.75156 0.41343 0.17708 0.08241
0 0.90156 0.13981 0.03333 0.03704
0 0.25286 0.85648 0.05781 0.27593
0 0.50547 0.24167 0.17448 0.21111
0 0.75599 0.79074 0.0599 0.27222
0 0.61927 0.1875 0.07812 0.375
0 0.26719 0.58472 0.1125 0.16389
0 0.34479 0.15046 0.1625 0.20648
0 0.89974 0.52222 0.05573 0.09444
0 0.51615 0.88472 0.03333 0.08426
0 0.57083 0.82083 0.12812 0.31389
0 0.35703 0.66574 0.03802 0.16667
0 0.51641 0.57685 0.10156 0.30185
0 0.62292 0.70556 0.06771 0.10185
