0 0.38906 0.84722 0.05104 0.16852
0 0.22839 0.66806 0.1026 0.34167
0 0.0388 0.57407 0.05781 0.03519
0 0.86667 0.10556 0.0625 0.21111
0 0.92786 0.84028 0.06719 0.14352
0 0.47708 0.49815 0.11979 0.1
0 0.62161 0.64028 0.11823 0.17685
0 0.17109 0.16991 0.07552 0.12315
0 0.60312 0.48657 0.15104 0.28056
0 0.37083 0.33333 0.06146 0.04444
0 0.74661 0.14676 0.06302 0.23981
0 0.65417 0.2713 0.14271 0.33704
0 0.47578 0.73843 0.07865 0.08426
0 0.55078 0.27639 0.05156 0.11204
0 0.31979 0.83889 0.06979 0.14815
