0 0.21065 0.74349 0.09352 0.18073
0 0.10556 0.7099 0.1963 0.14271
0 0.79213 0.43698 0.23611 0.19792
0 0.25602 0.07891 0.11574 0.06406
0 0.75139 0.6513 0.14167 0.09635
0 0.45787 0.7638 0.19167 0.12656
0 0.77824 0.47969 0.11019 0.01771
0 0.38333 0.89297 0.15185 0.06198
0 0.13519 0.93229 0.08519 0.01771
0 0.29815 0.03698 0.15741 0.02396
0 0.14537 0.55964 0.08704 0.09427
0 0.46944 0.3599 0.08148 0.11771
0 0.2213 0.46484 0.05556 0.01615
0 0.60463 0.96693 0.18889 0.0651
0 0.96667 0.85677 0.06481 0.17188
