0 0.77269 0.9625 0.04907 0.03854
0 0.46667 0.13984 0.09074 0.0401
0 0.47315 0.17422 0.05741 0.0349
0 0.71343 0.05156 0.04722 0.06458
0 0.65046 0.38464 0.24167 0.08177
0 0.70509 0.47865 0.22685 0.16979
0 0.70463 0.09167 0.07222 0.04271
0 0.50926 0.06068 0.20185 0.12135
0 0.34537 0.42109 0.22037 0.06927
0 0.82685 0.68542 0.34444 0.06146
0 0.32778 0.03307 0.09444 0.06615
0 0.11528 0.95885 0.1713 0.08125
0 0.81019 0.85417 0.25185 0.05
0 0.23519 0.95964 0.12037 0.07969
0 0.80509 0.38698 0.18611 0.12812
