1 0.58359 0.31667 0.13073 0.17593
1 0.05755 0.39954 0.1151 0.24352
2 0.51146 0.47824 0.09062 0.14167
1 0.67578 0.04491 0.03177 0.08981
1 0.07734 0.41111 0.05677 0.07778
1 0.32604 0.08148 0.03438 0.0463
1 0.38203 0.92454 0.11094 0.14907
2 0.11589 0.63333 0.12969 0.14444
1 0.24609 0.70972 0.09635 0.125
2 0.70833 0.71667 0.11458 0.06667
2 0.77995 0.53472 0.02865 0.11389
1 0.44115 0.46991 0.03229 0.04722
1 0.72318 0.28704 0.07865 0.09444
0 0.62969 0.41991 0.04792 0.16204
0 0.79167 0.22731 0.10938 0.16019
