1 0.6912 0.56797 0.11944 0.05156
2 0.08333 0.64479 0.14444 0.12083
1 0.71019 0.70677 0.12778 0.1
1 0.45787 0.59974 0.19537 0.11302
2 0.94861 0.14688 0.10093 0.12188
1 0.41065 0.79036 0.25463 0.13906
0 0.80046 0.20417 0.21574 0.03542
0 0.73704 0.89427 0.26481 0.21042
3 0.48843 0.30573 0.15833 0.10938
2 0.51481 0.1099 0.12037 0.02188
1 0.12222 0.06016 0.13519 0.0901
2 0.83565 0.59661 0.1213 0.10469
2 0.02454 0.65729 0.04907 0.05938
0 0.95139 0.74479 0.04167 0.06042
3 0.77963 0.65807 0.02963 0.0401
