1 0.38411 0.0375 0.12135 0.075
0 0.66771 0.09722 0.11875 0.19444
1 0.28958 0.9588 0.03021 0.05648
0 0.52812 0.40417 0.13125 0.25093
0 0.41406 0.11528 0.10521 0.04907
2 0.16536 0.71343 0.11198 0.09537
1 0.21172 0.78611 0.15156 0.10926
3 0.68698 0.40602 0.12812 0.11574
0 0.375 0.1912 0.08438 0.16019
0 0.16641 0.08102 0.07031 0.16204
0 0.05599 0.05278 0.11198 0.09259
3 0.92422 0.88889 0.05677 0.08148
0 0.7875 0.90972 0.08125 0.1787
2 0.34505 0.83843 0.05469 0.03056
3 0.5724 0.14907 0.05417 0.09444
