0 0.45104 0.95787 0.03646 0.02685
2 0.57839 0.51157 0.0276 0.11019
2 0.06094 0.13102 0.03125 0.02315
1 0.06302 0.84167 0.09792 0.17963
0 0.32396 0.7338 0.07604 0.09722
2 0.39245 0.11481 0.06302 0.22963
2 0.8776 0.96898 0.05938 0.06019
1 0.96016 0.37037 0.05573 0.07963
1 0.68203 0.7875 0.10885 0.06944
0 0.03984 0.4963 0.07969 0.41296
0 0.84271 0.54861 0.14479 0.30278
3 0.88594 0.06296 0.06354 0.12593
3 0.19375 0.69213 0.13021 0.08796
3 0.19323 0.03889 0.04896 0.07778
1 0.8013 0.71759 0.1401 0.1037
