2 0.35648 0.82266 0.22593 0.0849
1 0.83519 0.66849 0.16667 0.06302
0 0.18241 0.12812 0.28333 0.04583
3 0.84259 0.70417 0.1537 0.06667
1 0.28009 0.95755 0.17685 0.08385
1 0.51019 0.63203 0.15185 0.07135
0 0.43657 0.33646 0.06944 0.06562
1 0.97731 0.06354 0.04352 0.03854
1 0.08935 0.60807 0.1787 0.11406
3 0.27593 0.35729 0.1463 0.04167
1 0.08472 0.89766 0.16019 0.06094
1 0.75324 0.31562 0.275 0.05521
2 0.65926 0.80833 0.06667 0.06042
2 0.89213 0.4737 0.09722 0.05052
0 0.45509 0.48021 0.16019 0.13021
