0 0.46806 0.28099 0.18611 0.19635
0 0.54537 0.75 0.09444 0.02812
0 0.53843 0.88151 0.04167 0.06615
0 0.77315 0.87083 0.25741 0.04375
0 0.08889 0.18854 0.17778 0.14062
0 0.04352 0.29922 0.08704 0.15573
0 0.68565 0.40365 0.13796 0.04062
0 0.04583 0.88594 0.09167 0.06354
0 0.17407 0.24688 0.24259 0.09792
0 0.60648 0.06354 0.05556 0.10833
0 0.35926 0.65677 0.32037 0.12083
0 0.13981 0.49583 0.26111 0.11042
0 0.21759 0.4651 0.14815 0.025
0 0.06759 0.42943 0.13519 0.09219
0 0.83194 0.31875 0.04537 0.08958
