0 0.25156 0.43009 0.06146 0.03981
0 0.79089 0.15648 0.06094 0.03519
0 0.83177 0.70833 0.01458 0.09259
0 0.5651 0.25926 0.05 0.23889
0 0.75729 0.87824 0.18542 0.12315
0 0.77552 0.57593 0.03021 0.07407
0 0.32943 0.35231 0.06094 0.08796
0 0.34245 0.15324 0.05365 0.11759
0 0.34323 0.54213 0.02292 0.07685
0 0.82344 0.57824 0.04167 0.10463
0 0.93203 0.12407 0.0651 0.24815
0 0.53255 0.22083 0.05573 0.08426
0 0.75859 0.15833 0.0401 0.04444
0 0.98724 0.79769 0.02448 0.19352
0 0.35859 0.92593 0.08385 0.1463
