3 0.75509 0.4224 0.04722 0.08229
3 0.82593 0.07526 0.0963 0.0349
3 0.94213 0.21536 0.08796 0.02448
3 0.43796 0.53229 0.06481 0.04479
2 0.64815 0.27526 0.03889 0.0224
1 0.84074 0.74297 0.12037 0.05573
2 0.07685 0.67005 0.09074 0.0474
2 0.14352 0.38047 0.06667 0.0901
3 0.11389 0.77943 0.14074 0.0401
2 0.04861 0.91146 0.09722 0.05729
2 0.89954 0.34193 0.06389 0.08698
1 0.04491 0.14167 0.05648 0.09062
0 0.41019 0.93438 0.19444 0.075
3 0.93241 0.08594 0.10556 0.0875
3 0.58704 0.69557 0.09815 0.04323
