0 0.65625 0.1838 0.04479 0.075
0 0.84036 0.32407 0.16719 0.13889
0 0.35 0.85926 0.09375 0.27963
0 0.77422 0.60694 0.06302 0.03241
0 0.82734 0.88889 0.09635 0.05556
0 0.20078 0.68889 0.1349 0.17222
0 0.30365 0.37917 0.03854 0.23611
0 0.51536 0.12778 0.10677 0.06667
0 0.30469 0.53241 0.04375 0.1463
0 0.18203 0.18148 0.21927 0.15741
0 0.31172 0.23426 0.10365 0.19259
0 0.89219 0.81481 0.09792 0.09259
0 0.80833 0.47963 0.10729 0.06667
0 0.57865 0.91944 0.07708 0.14259
0 0.21875 0.58843 0.09583 0.14352
