2 0.09583 0.08776 0.19167 0.0776
2 0.15509 0.18984 0.20648 0.09323
2 0.12917 0.73385 0.13796 0.09479
1 0.02639 0.44531 0.05278 0.05833
0 0.72037 0.88255 0.12593 0.06927
3 0.22037 0.61536 0.0963 0.0849
3 0.45648 0.21693 0.18333 0.07969
3 0.77176 0.96979 0.04352 0.0125
1 0.38843 0.62656 0.23611 0.1375
1 0.89028 0.14948 0.21759 0.10104
0 0.6213 0.12031 0.06852 0.14792
3 0.17731 0.02969 0.04722 0.02396
2 0.66852 0.23724 0.16852 0.06615
3 0.86667 0.10703 0.07593 0.04219
3 0.80787 0.29089 0.16204 0.09323
