0 0.34213 0.08516 0.05278 0.1026
0 0.7875 0.13255 0.10463 0.05469
0 0.3537 0.59271 0.03148 0.03854
0 0.21204 0.96094 0.06852 0.0375
0 0.68796 0.58125 0.17963 0.09479
0 0.06806 0.3138 0.13611 0.14323
0 0.83287 0.57292 0.18426 0.03125
0 0.80648 0.52995 0.12593 0.06823
0 0.81667 0.66016 0.19259 0.06094
0 0.1338 0.35833 0.20278 0.04271
0 0.38704 0.75938 0.11667 0.22812
0 0.3088 0.41667 0.28611 0.15
0 0.15417 0.74193 0.19167 0.14323
0 0.21944 0.86823 0.23519 0.04896
0 0.18843 0.95911 0.06389 0.04323
