0 0.94583 0.8463 0.05417 0.09259
0 0.56979 0.7375 0.12917 0.4287
0 0.04948 0.35417 0.09896 0.175
0 0.16432 0.54352 0.06406 0.37407
0 0.19062 0.50324 0.09896 0.06204
0 0.98073 0.36111 0.0375 0.11296
0 0.60547 0.56065 0.08073 0.13796
0 0.95833 0.57315 0.08229 0.16296
0 0.49401 0.5537 0.19427 0.19259
0 0.08516 0.86944 0.13073 0.21667
0 0.65885 0.54907 0.07604 0.0537
0 0.52917 0.04028 0.02812 0.08056
0 0.90755 0.85324 0.04219 0.13426
0 0.22135 0.76944 0.01458 0.08148
0 0.70234 0.20185 0.04948 0.16852
