0 0.66797 0.93704 0.13177 0.12407
0 0.38958 0.46065 0.24271 0.17315
0 0.20938 0.7625 0.08542 0.325
0 0.06901 0.73657 0.13802 0.23056
0 0.45938 0.56667 0.05521 0.20926
0 0.51224 0.74815 0.15156 0.08148
0 0.19115 0.03472 0.14479 0.06944
0 0.77552 0.26111 0.08958 0.08333
0 0.45443 0.20417 0.06719 0.29722
0 0.92526 0.69537 0.11823 0.11111
0 0.41042 0.60046 0.01042 0.05463
0 0.70911 0.69676 0.14219 0.29907
0 0.60182 0.41991 0.17865 0.23981
0 0.03698 0.06204 0.05833 0.12407
0 0.97188 0.74028 0.05521 0.28611
