0 0.20859 0.86759 0.08073 0.26296
0 0.25339 0.03426 0.06198 0.06852
0 0.16771 0.49722 0.0125 0.07963
0 0.51016 0.89352 0.2026 0.17037
0 0.91901 0.71898 0.06927 0.11759
0 0.27422 0.24167 0.10469 0.13519
0 0.02188 0.21065 0.03958 0.09722
0 0.18958 0.39306 0.16042 0.10833
0 0.54948 0.12315 0.19896 0.09815
0 0.62578 0.95602 0.04219 0.08611
0 0.1 0.42639 0.09792 0.24907
0 0.78568 0.65417 0.14635 0.27315
0 0.13594 0.78796 0.08333 0.15926
0 0.45026 0.82778 0.06615 0.15185
0 0.90677 0.98009 0.025 0.03796
