2 0.0287 0.89792 0.05741 0.03333
1 0.98796 0.37031 0.02222 0.06458
3 0.78519 0.88438 0.21852 0.04688
3 0.40417 0.24453 0.15093 0.06719
3 0.83056 0.58542 0.16852 0.05208
0 0.58009 0.85573 0.05648 0.05729
2 0.58611 0.08177 0.17963 0.11458
2 0.3375 0.42812 0.10278 0.13958
3 0.81343 0.97917 0.03611 0.025
2 0.3287 0.06406 0.25185 0.12812
1 0.12454 0.48125 0.08796 0.04688
0 0.50787 0.39089 0.11389 0.20573
0 0.30741 0.6638 0.03333 0.04844
1 0.40972 0.75911 0.11204 0.06719
0 0.77963 0.73672 0.24815 0.11406
