0 0.34661 0.35741 0.1401 0.17037
0 0.84818 0.95741 0.04323 0.08333
0 0.95182 0.17222 0.09531 0.08148
0 0.71771 0.26759 0.03542 0.02593
0 0.72839 0.62315 0.14219 0.08889
0 0.91849 0.89583 0.06719 0.03796
0 0.02031 0.11991 0.04062 0.23981
0 0.63359 0.17361 0.16406 0.11759
0 0.16823 0.75278 0.15521 0.1037
0 0.11224 0.52685 0.12865 0.16667
0 0.85339 0.09491 0.08177 0.18981
0 0.48776 0.61481 0.02135 0.09815
0 0.78255 0.94583 0.1224 0.05648
0 0.28698 0.71435 0.05521 0.35463
0 0.84479 0.29861 0.16562 0.21019
