0 0.51991 0.32344 0.16944 0.15
0 0.60093 0.70078 0.19259 0.03073
0 0.38333 0.91406 0.15556 0.17083
0 0.73194 0.54062 0.06759 0.02396
0 0.5875 0.27708 0.13241 0.0625
0 0.33472 0.52943 0.20833 0.09844
0 0.76157 0.11667 0.10093 0.13646
0 0.37778 0.96042 0.08333 0.05729
0 0.04907 0.88021 0.08148 0.01458
0 0.15046 0.84844 0.30093 0.07396
0 0.73472 0.10859 0.0287 0.04427
0 0.52222 0.04557 0.04815 0.03802
0 0.13148 0.65208 0.07778 0.02292
0 0.08009 0.49089 0.1287 0.05885
0 0.875 0.2125 0.24815 0.05938
