0 0.04844 0.25556 0.09688 0.13333
0 0.90182 0.36944 0.10677 0.07037
0 0.87995 0.93333 0.08802 0.13148
0 0.43255 0.35046 0.18385 0.28241
0 0.32995 0.3338 0.06302 0.29167
0 0.20677 0.49398 0.21875 0.22685
0 0.05625 0.06019 0.02708 0.12037
0 0.12109 0.61806 0.0349 0.11944
0 0.07891 0.43472 0.04635 0.20648
0 0.97995 0.82269 0.03906 0.03796
0 0.37344 0.51065 0.08854 0.39167
0 0.76901 0.70926 0.10677 0.2037
0 0.66589 0.57037 0.0599 0.20185
0 0.84089 0.58935 0.13698 0.19907
0 0.73932 0.84583 0.04427 0.08611
