1 0.33148 0.76797 0.11481 0.02344
3 0.48611 0.1763 0.08333 0.09219
1 0.89444 0.51458 0.16667 0.11667
1 0.34676 0.92656 0.24352 0.13333
0 0.51157 0.29896 0.08611 0.03229
0 0.29722 0.55781 0.10185 0.03021
3 0.75324 0.93802 0.06944 0.03854
1 0.18287 0.85208 0.09352 0.04271
2 0.40046 0.10443 0.05463 0.04948
3 0.98009 0.31979 0.03796 0.04792
3 0.31852 0.37578 0.09074 0.0651
2 0.71944 0.0401 0.06852 0.03542
2 0.52593 0.60469 0.03704 0.03333
2 0.68148 0.16328 0.16667 0.10052
1 0.89722 0.19453 0.2037 0.10885
