0 0.29352 0.93333 0.23704 0.13229
0 0.14398 0.575 0.05833 0.04271
0 0.52593 0.42266 0.07407 0.13906
0 0.70509 0.20156 0.1213 0.08333
0 0.76111 0.50078 0.36852 0.06302
0 0.22407 0.74948 0.09259 0.01458
0 0.21481 0.61172 0.12407 0.22865
0 0.23148 0.14036 0.16481 0.12969
0 0.61806 0.5125 0.16389 0.04896
0 0.05556 0.8612 0.11111 0.0401
0 0.73843 0.57214 0.10093 0.13802
0 0.08796 0.9487 0.03148 0.04323
0 0.75926 0.07214 0.27407 0.04427
0 0.66713 0.7125 0.22315 0.10625
0 0.52454 0.80052 0.15278 0.21354
