0 0.51406 0.53009 0.04896 0.11574
0 0.39167 0.77176 0.20625 0.11389
0 0.46927 0.70046 0.16354 0.24537
0 0.09219 0.04352 0.04375 0.07222
0 0.7013 0.36481 0.09948 0.27037
0 0.67604 0.86343 0.09479 0.06759
0 0.94089 0.30926 0.06198 0.05741
0 0.64609 0.47083 0.09844 0.16019
0 0.53802 0.83796 0.15625 0.32222
0 0.88151 0.06435 0.02969 0.1287
0 0.29453 0.28472 0.0474 0.21019
0 0.16849 0.05139 0.0599 0.08796
0 0.81927 0.77731 0.13021 0.38056
0 0.8 0.23565 0.03854 0.1287
0 0.55495 0.18704 0.04948 0.10741
