0 0.63073 0.06944 0.09583 0.13889
0 0.39896 0.02315 0.14792 0.0463
0 0.22214 0.36528 0.12031 0.06389
0 0.35833 0.81296 0.1125 0.13519
0 0.08411 0.5125 0.05573 0.1787
0 0.1474 0.51806 0.11042 0.13241
0 0.96953 0.74306 0.0599 0.16759
0 0.88385 0.44537 0.02917 0.09815
0 0.69583 0.25231 0.12812 0.23796
0 0.10729 0.79583 0.05625 0.16574
0 0.25885 0.87731 0.09167 0.24352
0 0.77474 0.81898 0.13073 0.36019
0 0.4375 0.86296 0.04271 0.21481
0 0.8724 0.64907 0.13854 0.08704
0 0.12865 0.97731 0.12917 0.04352
