1 0.22731 0.47865 0.10463 0.02396
1 0.49861 0.08646 0.16204 0.08646
2 0.79861 0.43359 0.16944 0.14635
2 0.78426 0.44714 0.10926 0.07031
3 0.2213 0.73828 0.14444 0.13073
2 0.95556 0.65964 0.08704 0.0474
3 0.80324 0.04115 0.11574 0.08229
1 0.93889 0.1513 0.12037 0.05781
1 0.94398 0.76589 0.11019 0.08073
0 0.42361 0.28984 0.20093 0.11927
2 0.275 0.93672 0.14074 0.03281
1 0.76713 0.23047 0.24537 0.0651
1 0.50509 0.22318 0.06389 0.03385
0 0.19352 0.39948 0.38148 0.05938
2 0.96296 0.93229 0.0537 0.07292
