0 0.80602 0.29245 0.12315 0.06406
0 0.17083 0.38073 0.2287 0.09688
0 0.94537 0.96198 0.05185 0.075
0 0.17361 0.30911 0.08426 0.0849
0 0.3162 0.84245 0.09722 0.04427
0 0.27361 0.91927 0.06574 0.11458
0 0.56296 0.88516 0.07222 0.0224
0 0.93241 0.50286 0.13333 0.07448
0 0.40926 0.2974 0.03704 0.06875
0 0.35231 0.30833 0.11759 0.16458
0 0.65741 0.81667 0.25185 0.11979
0 0.9162 0.17109 0.16574 0.0401
0 0.55972 0.51224 0.25463 0.04115
0 0.02824 0.87396 0.05648 0.15104
0 0.27778 0.45755 0.16667 0.09844
