0 0.7088 0.26146 0.10648 0.01979
0 0.03241 0.60078 0.06481 0.09844
0 0.40648 0.65026 0.11667 0.09115
0 0.74167 0.2263 0.23519 0.15573
0 0.80741 0.9276 0.38333 0.14375
0 0.70046 0.0401 0.01759 0.03854
0 0.13102 0.54271 0.14352 0.07708
0 0.46389 0.26172 0.24259 0.14635
0 0.92778 0.96719 0.14259 0.03333
0 0.21991 0.96016 0.30463 0.05156
0 0.29398 0.33203 0.36389 0.1151
0 0.14213 0.39922 0.11389 0.04323
0 0.48981 0.65547 0.10926 0.08594
0 0.35556 0.92318 0.1463 0.10052
0 0.49954 0.37552 0.03611 0.075
