0 0.71901 0.07037 0.06719 0.14074
0 0.68828 0.82454 0.23594 0.11574
0 0.06562 0.90278 0.06771 0.03148
0 0.06328 0.08843 0.08385 0.15648
0 0.39245 0.14769 0.15469 0.25648
0 0.0737 0.19398 0.1474 0.10278
0 0.76849 0.86991 0.03698 0.06759
0 0.65547 0.44861 0.20469 0.09537
0 0.53151 0.42639 0.15781 0.20093
0 0.75 0.43981 0.06458 0.15741
0 0.04583 0.2838 0.09167 0.13426
0 0.20182 0.5588 0.05469 0.08241
0 0.53776 0.12778 0.0724 0.08148
0 0.2849 0.88657 0.08021 0.09907
0 0.60729 0.78148 0.04583 0.02778
