0 0.70602 0.5737 0.19907 0.13594
0 0.91852 0.67005 0.12593 0.11719
0 0.40278 0.25885 0.06481 0.13229
0 0.76343 0.775 0.12315 0.12396
0 0.31389 0.83099 0.21481 0.2026
0 0.23611 0.28177 0.14074 0.06667
0 0.63843 0.77865 0.10833 0.03229
0 0.08611 0.61979 0.08889 0.05417
0 0.78611 0.32786 0.02593 0.04219
0 0.71528 0.03568 0.03796 0.04323
0 0.16898 0.19635 0.12685 0.01979
0 0.16019 0.78021 0.14815 0.1375
0 0.75833 0.69688 0.14815 0.05
0 0.26389 0.70521 0.06481 0.06875
0 0.15046 0.5862 0.24167 0.11406
