3 0.0588 0.36094 0.11759 0.03021
0 0.79769 0.34375 0.14537 0.10521
0 0.43657 0.42266 0.0713 0.05573
0 0.38796 0.39818 0.0537 0.06823
3 0.71481 0.70286 0.05926 0.02031
1 0.39491 0.23958 0.13796 0.07187
0 0.46343 0.69167 0.20648 0.05417
1 0.55509 0.54766 0.15833 0.07031
3 0.4088 0.84453 0.11204 0.06406
3 0.80509 0.91068 0.125 0.13177
1 0.22454 0.63281 0.15648 0.07292
1 0.3375 0.12552 0.20278 0.10833
3 0.85694 0.48776 0.25648 0.09323
3 0.47037 0.06927 0.07222 0.12604
2 0.57963 0.31406 0.26481 0.09688
