0 0.30046 0.54193 0.10463 0.04844
0 0.58657 0.89115 0.34722 0.16042
0 0.10602 0.65365 0.19352 0.14375
0 0.06806 0.27552 0.13611 0.06042
0 0.9412 0.12526 0.11574 0.07656
0 0.84398 0.20833 0.16204 0.12708
0 0.70324 0.96849 0.2787 0.06198
0 0.06528 0.50469 0.13056 0.05833
0 0.85139 0.95573 0.24352 0.0875
0 0.81389 0.36068 0.06852 0.0724
0 0.59028 0.45312 0.08796 0.02604
0 0.29954 0.0974 0.10648 0.19479
0 0.43333 0.22734 0.25185 0.10156
0 0.03796 0.97839 0.02963 0.04219
0 0.65046 0.69375 0.24167 0.04062
